-31
-68
19
-6
-49
57
63
-61
-11
-59
-16
-54
27
-25
76
55
-43
-93
90
100
81
94
56
98
-12
91
-49
42
29
-34
86
71
43
-19
23
-8
-6
78
30
53
45
81
59
-4
89
-20
41
100
-9
18
17
57
-17
-12
13
-16
-86
-75
24
24
70
-23
87
-51
-99
94
-65
11
-72
-36
33
-38
89
75
-77
84
42
64
1
-94
-93
84
10
26
87
59
-58
-46
29
-34
-69
44
54
-27
-61
-58
70
-80
57
11
-81
-56
-14
-45
-91
-51
90
-76
-93
54
58
-70
-91
20
12
-36
72
55
58
-4
62
96
94
-41
31
-68
-81
61
57
-43
-87
40
-27
13
15
66
1
-62
23
61
63
47
-3
-67
-83
-19
-90
-78
29
54
-74
-79
-79
89
-9
37
-56
91
-71
-1
9
38
15
25
4
-36
-89
-65
1
-45
35
-72
95
47
40
39
-69
-43
72
-79
50
-53
63
77
-30
92
60
90
-36
-46
-71
-66
13
-15
83
40
57
-52
84
56
98
-78
-8
9
-60
65
-61
-14
-52
84
83
68
84
-66
-21
62
-100
-81
75
-36
64
99
57
-19
50
5
-36
53
-75
-30
71
16
-39
-62
87
-21
49
46
16
40
-93
99
-8
-22
24
-41
-38
36
-12
66
-75
16
-98
22
69
11
43
-4
-45
21
-96
-26
-59
58
97
99
60
27
50
-57
6
59
-41
62
61
75
80
-37
-64
45
44
82
19
-16
85
-94
45
-69
7
27
1
86
46
-11
-88
-1
-31
40
65
-92
33
99
58
-60
14
-19
-95
91
-45
-89
15
-52
-45
-89
50
-59
-98
-84
-43
-10
83
60
65
-30
10
52
27
-47
-33
-51
-38
-22
-3
-18
-89
77
-13
-32
-42
-73
-26
-19
-43
86
82
-31
77
15
-26
97
63
54
-62
-69
44
-12
7
23
-13
-1
-57
-98
59
31
26
-75
34
2
-10
81
85
1
34
-15
-30
-67
75
-76
-87
-50
-93
38
1
74
-100
-55
50
-6
-12
56
-74
20
26
10
-42
-56
-77
-90
-59
-47
48
30
-21
-57
-47
73
86
73
-66
-79
27
-35
96
83
63
-51
22
16
93
85
94
-99
23
-99
72
-32
90
-47
88
-75
12
36
-6
51
-19
87
57
44
1
97
-7
-54
67
-15
-17
26
4
98
61
-34
-81
89
90
-15
31
96
24
-47
-11
61
97
76
-27
-32
-42
35
95
48
-57
96
72
3
38
89
30
6
-95
93
-46
-56
10
97
100
-46
-56
-72
44
-88
25
86
-26
6
-30
-96
68
32
50
17
91
90
39
35
9
48
94
-39
40
-87
-90
-5
-55
47
97
-81
-69
-7
36
81
86
58
-7
72
32
-12
97
-57
-81
-83
9
-5
61
-64
-76
-68
-46
-12
35
68
38
-28
-39
41
71
95
-89
16
-48
42
79
38
-38
24
55
-43
-12
-8
1
27
-1
-74
79
68
-21
-8
62
-59
-78
40
-3
-85
97
-98
13
-27
26
-42
-66
-77
-51
68
-34
-93
43
-50
-25
6
-33
18
86
48
78
39
-4
20
98
-78
-69
83
-28
42
23
61
-48
57
80
38
-76
-10
72
-9
-73
-47
-4
46
80
56
-8
-37
70
59
24
75
-38
-55
36
-84
69
42
79
14
-20
41
-23
58
-18
84
-100
-33
84
-98
10
46
64
58
51
53
35
-2
-65
-90
36
-81
-28
72
37
48
92
2
95
93
-83
47
-98
-78
30
30
-70
-76
29
-43
29
33
-47
-35
-45
39
48
37
-95
-77
86
-27
33
82
23
67
-96
-85
43
-54
7
-75
31
52
74
52
75
-45
-41
93
-63
90
-79
-63
-9
-20
-26
-9
44
47
-30
-79
-22
35
9
-1
29
-25
10
91
-66
-62
76
31
9
-55
-25
8
32
-37
88
-84
-48
29
-30
-60
-92
-78
69
-54
24
-50
28
-30
-4
-58
18
62
17
9
-17
59
-53
10
-41
14
26
31
31
79
-65
1
5
91
47
9
18
60
46
-84
84
73
-79
93
-74
80
62
-88
60
18
12
-38
9
25
99
5
38
-41
63
14
-15
-25
-37
31
-72
4
89
15
96
-38
-66
-49
-62
-65
-3
3
-11
-70
25
23
58
-32
-8
-98
54
14
-53
71
5
-56
42
59
-1
74
31
-48
-10
36
17
94
-10
70
66
-67
-12
-60
55
-3
-25
54
-46
8
100
-2
-55
63
-34
-89
-15
27
40
-22
-61
-50
-96
58
-47
-8
65
-80
-24
94
93
-93
96
-53
36
-66
68
75
31
45
-18
34
-89
93
-72
-8
1
69
-74
-73
57
-93
54
-8
88
51
-24
77
87
-100
2
37
58
100
-25
-63
8
39
-94
53
95
-75
-60
-48
61
15
-78
-1
-90
35
-92
40
-58
88
-19
-84
-2
31
-26
75
26
35
-12
11
-26
-97
-97
5
13
34
-97
5
1
96
-26
-38
74
31
4
-61
-50
22
26
35
-32
75
-35
43
92
-37
-34
-23
36
-84
-2
-93
-60
3
23
99
-93
18
-19
30
-45
60
-26
-78
24
-13
-3
4
45
-14
38
-55
-94
86
-17
12
-95
-31
-56
17
-83
11
-16
36
65
55
58
-45
-73
-39
37
-57
17
-70
59
-48
-92
32
-64
58
55
10
23
-7
-12
57
92
-89
63
-77
93
-41
-77
74
-49
29
-39
61
36
-15
52
-51
-65
46
21
12
-76
-41
-87
45
-58
-16
65
100
29
-13
84
26
72
24
-1
-33
-94
-54
-68
81
50
73
-73
-56
34
-94
-15
-32
69
90
-43
-19
6
-69
-3
35
-89
3
-5
23
-55
-39
32
30
-82
24
-23
13
81
-84
24
11
99
84
78
72
54
30
6
38
23
-32
62
-83
54
12
52
-31
56
-16
87
25
-43
42
12
76
-60
59
-5
-38
66
39
76
-81
72
25
18
-56
-46
36
62
-88
-68
-41
63
22
56
-24
4
-62
-95
14
6
-54
-71
-82
-60
30
51
2
61
99
18
89
36
-93
-88
80
37
6
-37
90
-75
-93
-88
58
86
54
-33
60
-97
10
-77
9
80
-31
56
-39
23
50
-20
-60
11
97
-79
-59
14
-38
61
29
-34
-6
-10
85
-87
43
23
56
3
67
-78
70
39
23
22
56
28
8
-90
-46
94
-90
55
-32
45
-41
-75
68
-64
10
21
39
-41
14
35
73
74
25
-39
-91
-61
-17
49
86
62
80
93
4
-87
-70
-95
-75
98
-19
-30
10
10
26
-26
-89
77
-3
34
56
18
-99
10
15
91
-18
71
-90
-47
86
92
-83
-53
-18
82
12
90
-7
-20
-81
78
27
-89
56
24
-71
-14
-80
74
-51
-70
49
80
-15
-19
47
64
35
-62
68
-26
38
-35
55
-80
-92
-43
-5
-37
27
-99
-13
-67
58
57
46
-55
-33
98
66
-55
96
-62
41
55
-42
-40
27
-77
-37
97
83
-18
85
18
87
61
-89
25
72
-48
-100
13
98
-74
42
-83
-38
-70
23
100
83
2
-59
-97
100
59
-94
55
30
-52
68
32
-1
81
34
94
8
-63
-69
55
21
10
-19
-32
-34
31
-16
-89
46
68
48
-72
-32
47
-20
-53
5
18
-32
10
-10
30
18
-4
4
-56
-68
58
53
36
-64
-71
-53
-49
45
51
90
-89
-39
19
64
74
-40
-17
-97
23
65
65
27
46
-77
34
-68
-98
-79
-9
59
73
98
-18
-55
94
44
-2
-30
-67
-77
47
-63
-41
-42
-73
-68
7
63
-2
-52
42
-75
-85
-15
34
-34
-68
-98
81
-82
-77
-24
-26
89
40
34
49
52
-19
-35
-52
-49
44
-9
69
-19
-18
38
18
-71
36
-53
-33
98
-59
22
62
78
-33
-33
16
35
-28
-71
81
-20
-45
95
-14
62
-14
19
-30
-85
2
-40
14
7
64
59
57
-12
75
60
82
78
-62
-37
39
-4
-81
79
-8
-70
-1
-21
72
-54
-50
63
16
-17
96
-52
-93
-52
-93
-26
-18
85
11
19
-2
69
-87
-71
6
52
-53
55
86
33
74
61
-49
-77
-94
-73
-39
12
20
-80
-21
-6
-2
1
-38
-76
-18
-70
-8
2
16
27
68
-97
46
-58
85
-19
-79
-49
-41
62
-57
21
-40
63
-85
75
-69
-33
-50
40
-87
92
83
2
22
-57
70
-89
13
-68
10
-11
-22
11
-82
-82
45
42
45
-79
80
24
-65
45
97
65
89
-38
-42
32
-23
29
28
-17
-67
-7
-84
59
-83
20
88
-80
-3
97
98
81
-81
-69
-29
-53
-34
68
-60
30
-28
-56
55
-76
72
-58
82
-24
-77
93
83
48
-54
38
39
-33
46
-72
-51
-89
1
64
-2
-29
54
62
-52
78
83
72
-28
-30
91
66
-32
65
21
-91
-59
27
-14
-89
64
77
-71
17
-39
-61
6
-76
-3
-15
32
-23
57
38
55
49
-66
84
-72
-10
85
-7
-46
-22
6
-58
2
13
3
95
-6
-86
-18
-53
87
73
-2
-91
6
-11
-87
92
1
82
66
94
59
-82
64
96
-77
-58
-36
26
-28
-5
-92
-48
-97
83
-94
-69
-10
-57
-17
84
-62
-72
-86
72
7
90
-30
-4
38
-15
36
26
97
44
-55
17
-65
2
78
55
-55
28
-23
26
-100
-85
19
76
54
37
-71
-71
38
85
13
66
-18
-72
39
54
100
75
43
80
69
-95
-97
-28
-100
-76
35
-19
-21
-94
66
-72
-77
96
-69
-82
-38
95
-27
-43
-16
-12
-72
-72
49
-34
-75
-74
14
-8
34
61
-40
59
-62
-5
-77
-94
-12
35
25
-30
-60
46
9
31
-88
52
92
92
12
57
-27
69
-29
-43
-38
74
-92
32
-78
-66
-83
-69
-55
27
5
-53
-55
-54
-63
88
-44
43
-90
-92
19
-84
-100
35
89
-28
49
72
64
67
-36
-1
95
-9
75
80
50
-77
14
12
62
56
45
53
32
69
-19
-16
76
-48
43
-19
-43
-82
30
-40
100
-66
92
72
50
26
-94
-10
-26
39
-40
-89
-91
38
72
-72
61
91
-42
-79
82
95
-7
94
-10
-94
52
1
96
7
-32
60
97
89
-90
84
32
-68
-85
-63
-35
45
69
91
30
-96
-60
-61
-90
-4
-95
61
25
85
22
81
-97
-97
-76
22
21
26
-21
-71
-63
43
-69
-35
-73
28
-33
-88
43
73
-71
60
15
-65
91
-78
75
59
-86
32
-81
-79
-42
33
51
-59
60
-66
-88
-17
-76
-100
47
37
52
-59
-4
-16
-29
89
-82
-33
-72
-47
-93
-65
-76
98
-31
-3
28
-56
95
-96
-53
82
8
74
-13
89
-84
-77
-94
-100
30
68
-61
39
51
-72
-31
40
25
78
84
17
-82
2
-4
-24
-54
76
99
28
84
79
-52
-84
38
71
-51
-80
54
-17
80
33
-24
6
76
60
-36
49
100
-58
-75
88
66
-98
2
-4
-9
-79
15
-17
89
64
-26
-92
11
85
-73
-72
84
-68
-20
1
29
77
2
-91
-18
-22
-65
-84
86
90
-60
77
-20
-43
-35
81
36
-38
47
-26
43
17
4
17
63
-76
37
-35
13
43
87
10
97
27
99
57
76
29
25
-76
-89
-1
19
-40
81
53
-88
1
78
90
70
92
-57
31
32
-42
-45
-70
41
-72
67
70
20
-95
-52
8
87
69
37
66
70
-54
-2
20
-21
65
36
10
-5
62
73
81
48
47
41
-26
67
83
-32
68
-15
94
-12
-55
46
-95
38
31
-3
-22
100
11
-38
-86
90
-97
-14
84
-93
-59
55
-28
-2
41
36
-77
-97
-3
95
1
-90
78
29
62
-40
-32
55
-42
-69
-16
-86
21
-92
25
-97
15
-8
-31
36
-40
-99
91
-25
-92
66
2
-15
-24
61
38
52
-8
60
30
-74
97
57
-3
65
32
37
38
-1
-64
-54
-2
12
29
-73
41
-80
-41
-90
37
60
-55
-35
-39
76
-80
-65
97
17
48
10
-87
-90
-37
78
-57
18
15
71
96
91
-3
-98
-70
-49
63
27
98
-82
-92
79
45
-37
-92
6
-28
56
90
-26
-2
-85
-59
-79
-45
-9
21
-36
7
-86
43
-6
80
92
76
14
-92
-31
8
4
-51
-94
38
-97
-65
-84
43
44
31
-48
-33
-52
58
-24
-4
-30
96
47
48
-3
-53
47
62
67
-22
-66
-16
98
-41
27
-42
-50
-94
7
-81
-59
-37
2
-82
65
-92
56
44
-93
-76
-46
17
38
86
70
38
-22
93
-78
87
-24
26
-3
-30
-29
-22
81
-65
35
-21
51
22
-100
-19
89
-46
56
-81
-77
46
100
37
-99
-38
6
-39
4
-73
-67
-99
-63
-3
-94
-24
-89
-89
-70
93
5
97
36
-14
45
-45
-69
-37
-69
86
-69
-7
-97
1
-62
-68
53
-74
56
-2
-14
25
-58
-18
-32
77
-72
-51
53
-7
9
-46
44
10
75
95
-68
-13
-13
46
93
-18
-8
7
-19
-2
-99
33
-64
-95
64
-45
-36
-74
-33
-58
-75
-32
-100
57
-20
62
62
22
-23
22
80
-17
70
-86
17
46
-3
-31
25
-10
-4
58
-5
40
-84
-97
-77
46
29
36
80
17
-18
-97
-92
72
-49
25
-18
-85
29
-40
-32
-40
-33
66
-97
-84
-90
-78
-11
33
-76
-54
-13
-61
-3
-24
93
68
-80
61
85
41
9
94
-82
97
-55
89
53
29
-58
91
-16
96
18
58
-89
14
-10
91
-6
-82
25
-7
92
97
-20
15
47
-46
-9
89
-97
-71
43
36
13
35
73
-99
87
56
-8
-90
57
-62
87
-99
-83
23
-71
8
-71
5
18
-50
-7
-37
-82
58
95
48
-65
-81
10
66
-42
54
59
-20
33
-19
-84
-14
74
-86
-74
-15
-75
-46
-59
70
1
55
78
-2
23
71
-4
-88
-94
-90
14
87
32
39
80
-63
25
-98
21
46
46
-25
-79
-57
79
-41
94
77
63
-6
48
-13
35
-89
-90
-25
-13
14
37
-81
23
60
-38
90
-48
10
-14
20
20
-24
-87
68
45
57
-28
-6
-39
-24
-96
-97
96
47
28
84
16
-39
-70
100
47
29
-11
-78
69
31
-2
-72
-27
10
-87
96
-14
63
6
81
-35
94
-12
-56
49
-52
41
27
31
-44
24
-81
-74
-69
68
-88
99
-83
97
47
58
-79
-33
30
3
-46
-62
-100
22
-16
46
-6
-93
2
50
76
-30
-52
19
-48
63
76
-76
-42
30
30
61
3
98
-9
52
7
1
-91
-7
22
64
-31
63
80
66
-86
28
-86
84
4
-46
80
-78
-32
-49
95
-10
91
84
100
-8
83
36
73
96
-16
-52
17
-54
-63
-36
83
-28
90
-48
-42
-28
49
22
89
41
-47
53
65
-93
-20
-44
23
-16
-11
-83
99
55
42
55
-82
54
32
98
-51
40
15
-50
-3
-60
-47
94
-96
-20
43
-16
-90
-51
78
77
-53
-76
91
-17
-70
81
-78
-49
81
-63
72
-76
87
-44
-75
-7
95
88
74
2
33
13
55
24
-8
-69
-28
-82
-75
22
94
-18
-33
37
-80
-33
22
93
-19
86
29
4
-55
6
-47
44
-27
64
5
-69
1
13
-2
33
-13
31
-33
40
-92
-30
12
-100
-47
-42
59
37
96
-98
-31
-99
-69
42
-40
-87
-36
47
50
-44
42
14
-80
23
-41
84
4
82
-67
-64
-32
67
-91
-96
70
-91
90
-90
80
4
23
-69
85
82
82
98
41
57
-97
-35
-90
96
5
-48
50
22
95
-86
-34
-4
33
5
-15
93
84
85
-53
49
-28
10
-11
75
-26
64
-100
90
-57
34
-93
26
-43
84
-25
22
-87
-50
-94
25
-73
59
98
-66
73
86
-90
-3
-61
18
-45
27
97
58
-27
85
25
6
-58
29
-36
42
-76
44
-91
-97
68
53
77
27
15
-63
21
-78
-41
20
11
-2
-89
-15
3
-36
-77
-31
-60
-78
-95
-85
-30
72
-97
-53
-3
-100
96
-14
76
51
24
-7
17
-80
-95
82
-21
-14
-33
-34
-64
93
-83
12
3
-80
-43
60
-99
3
60
-77
86
-76
-6
97
-3
-61
69
-86
-46
-12
-98
83
-77
40
50
-11
-87
16
14
-46
-20
-13
61
-63
54
59
47
57
-58
13
-99
-85
-7
-96
16
51
-14
1
-9
46
37
17
-66
-81
42
-74
77
-96
40
-53
64
-2
11
13
36
-40
-12
87
-81
-6
-44
6
90
30
-54
94
70
18
-53
84
-50
86
36
9
-7
-47
62
-19
-47
84
-91
-66
6
81
-64
-80
6
-26
-1
16
-45
-26
26
99
-86
-28
86
90
22
-42
6
-71
12
-100
33
-80
97
-59
-12
52
40
-83
-72
76
-38
92
24
42
23
36
95
71
94
-14
22
-85
-93
54
28
91
-45
-68
36
-73
-13
94
24
-27
-21
17
42
29
-58
95
-74
85
-1
-10
-98
76
-18
-32
-75
54
-6
-59
35
60
-87
-97
-91
-76
-37
91
54
-49
79
13
46
-14
13
53
-84
18
30
18
-87
17
36
8
-46
-23
-64
38
67
-82
-39
29
76
58
72
-41
-42
3
-9
-88
12
-63
11
28
-47
48
-14
-57
29
48
-97
-73
-15
-71
11
43
62
-21
-85
-84
79
-5
-84
26
12
-8
-37
-45
-48
7
-38
1
66
55
-43
97
-99
-56
-2
-70
76
-38
98
-29
9
-9
4
-6
-80
77
69
-100
83
16
71
11
3
-62
42
84
74
-98
-69
9
85
-49
27
-44
-93
38
-4
60
80
-38
90
-70
21
38
11
7
93
-100
62
82
-51
-62
85
-42
31
14
8
47
81
-24
25
47
39
-8
-78
88
-84
95
-4
11
-27
-33
20
-30
3
92
-29
-100
-13
-32
66
-55
-88
-87
-42
-22
31
34
19
12
93
-77
-54
-99
-45
80
86
-26
-91
77
64
-52
-100
22
59
-10
28
27
-41
63
-82
31
36
27
65
59
-7
36
53
-53
45
85
21
86
97
-29
-61
-83
-94
-100
-83
-81
-93
-69
80
-39
95
31
-89
100
-65
55
-27
57
15
-89
39
-81
4
-80
33
-13
45
-32
-36
-33
-60
-48
-32
-91
-44
46
49
-21
39
9
19
57
46
-87
7
-64
-47
-56
13
-74
-89
-59
-39
-91
55
-82
98
16
-73
11
6
98
41
68
-83
-14
-53
48
-67
67
-86
-21
59
37
22
28
85
-15
-64
48
-50
-67
71
-33
57
74
78
25
-40
-19
-100
79
-97
-2
-42
-90
-36
55
80
74
16
76
-69
10
-57
-99
30
1
-25
43
94
-7
27
-1
-5
53
8
87
88
22
83
6
65
-86
-46
57
61
-82
-93
14
27
-21
52
-35
52
48
-78
-49
66
-99
-35
-39
-1
55
-20
81
-86
73
37
-33
-12
77
-32
-79
52
85
63
19
81
72
10
-79
-95
-63
52
93
74
-54
-3
-60
-37
79
-36
36
79
-62
-84
51
64
32
15
61
75
80
-61
-100
-13
-66
-2
25
-44
45
-38
-3
86
34
36
-66
-6
-8
-38
18
25
-72
-41
1
-67
93
86
-100
51
-46
53
-36
-75
70
-99
-85
-36
12
53
-51
-69
31
-97
82
-69
-73
46
92
16
83
-37
39
69
-97
-94
82
19
-10
-7
18
-85
63
-28
-62
-24
18
-78
-25
-79
-55
-29
-37
-78
-100
-19
33
-59
62
-16
33
6
78
88
69
-13
47
33
-68
90
-37
32
57
-99
1
72
-72
-99
87
11
95
-92
53
-15
33
-66
-37
88
-43
-99
3
37
100
22
-97
18
25
-41
94
9
60
79
-90
-65
-39
-68
38
-71
-63
-57
35
-28
-100
47
-15
59
-19
3
-84
55
9
87
-100
-70
-35
95
-2
-89
27
36
16
-10
-59
40
12
8
-44
-82
83
-47
-74
50
91
27
-47
-87
7
55
48
12
15
-14
37
94
-82
49
66
-72
39
1
-1
67
-2
-30
-22
97
9
73
-73
-58
-49
-100
8
83
15
-62
100
-28
-12
87
-97
15
62
75
-46
19
38
-75
44
-67
-18
-23
16
-99
-93
50
5
-80
92
-99
-74
7
75
4
40
-64
86
-45
-39
78
-19
-20
-97
-32
9
-56
13
-4
-46
38
63
96
-11
26
-92
5
27
41
-12
-39
97
-27
-39
93
21
-15
11
-33
77
50
5
-85
92
56
83
76
-81
-53
26
-82
13
-75
35
-4
-9
-35
-4
-40
-48
-43
-66
67
52
12
-42
-57
13
16
39
-7
-12
61
-74
72
-26
95
-70
-32
23
-49
-56
-57
-80
33
71
60
37
-79
4
-62
-68
35
80
38
43
43
-55
-46
-63
-63
-4
-64
-1
52
-56
-16
-51
45
33
12
-34
9
31
-96
-21
4
-37
100
-37
-13
-76
-72
-64
-69
98
55
26
86
-44
95
-52
-78
64
-100
-76
-13
-17
-15
-92
31
-55
-28
-25
13
-9
55
60
-37
-100
33
-73
99
-28
24
74
64
29
18
93
74
-47
58
41
81
95
93
4
-70
-76
-85
72
77
27
-12
3
-3
86
14
-49
45
20
61
12
51
-90
-91
-89
-86
70
37
32
-36
-56
20
-80
33
-43
38
64
-43
52
32
-17
92
-8
49
-78
28
78
-25
24
66
78
-30
-81
56
64
-65
-51
35
-10
11
-44
87
-36
82
-40
-45
-12
-4
35
-61
67
-46
-74
67
-64
-26
35
96
51
38
-89
-62
62
28
18
-16
-16
22
-25
12
66
51
-79
51
-41
-16
87
-28
12
-14
39
96
96
88
-67
44
28
59
11
-4
-22
-71
89
83
-43
98
-48
-51
29
18
55
-61
-21
76
70
53
53
66
-55
-26
97
-93
20
-59
97
-44
-86
47
42
-83
74
83
22
24
13
79
95
43
42
-37
-17
-85
48
-34
-38
24
59
-61
64
-36
-26
-67
-72
63
-99
75
-81
-34
-73
-84
43
14
34
-48
88
30
-55
-65
-31
-23
7
-88
-43
-78
34
-18
91
-68
-80
-12
22
64
62
32
-76
38
-31
12
-15
47
23
80
54
14
-15
-27
-8
66
28
-91
38
68
-37
-52
-32
-5
71
-96
33
37
-78
-47
-63
-93
-95
-59
-70
8
74
-12
54
-19
48
21
75
-41
28
4
30
-62
85
40
-52
-13
-22
-72
-2
-85
-69
24
-13
-85
98
-45
53
-19
-47
-65
43
-40
-77
-95
-11
-18
-22
-91
96
-69
23
-2
23
-67
-76
20
-82
28
-27
64
65
-11
92
-43
-85
51
33
-56
-63
-60
-72
83
-37
-37
26
43
44
83
91
-32
20
-16
-96
-48
-23
-76
22
80
84
53
-23
-100
68
-39
-32
-74
42
37
96
-22
88
81
-41
71
-90
72
41
-26
12
56
-77
57
71
50
-74
40
-23
-16
26
92
9
-12
-62
85
73
1
-39
-97
-25
-100
55
-60
68
-22
-34
17
95
10
-18
-42
-80
61
-82
24
-99
4
28
-5
90
-53
-80
32
27
-88
-37
75
-82
-69
24
1
98
21
-81
-61
-78
-30
100
-75
35
-54
90
71
74
-69
68
63
32
-36
75
-40
-90
92
-43
-10
-37
-11
-36
70
39
-53
8
49
21
-57
75
12
-55
84
-4
-43
-81
53
-9
-14
83
31
-85
46
82
-32
62
-37
-74
-12
-72
-44
-15
19
15
85
6
62
59
29
-38
-68
-95
82
-57
-95
-27
83
-36
-53
-67
14
97
-70
94
66
-62
77
90
-5
93
62
-79
69
14
-19
-89
95
-34
89
73
-38
-55
-52
50
75
-91
74
-100
34
-13
-4
84
-96
-83
-53
-89
36
29
96
55
-100
15
38
22
95
11
-99
-13
-28
98
16
-84
-70
-51
-62
54
20
73
55
9
21
-75
36
-100
14
-52
13
-96
-35
-23
94
-38
50
-38
61
-68
58
-70
32
85
86
-96
13
84
27
-90
27
42
-48
66
-47
-79
-30
-77
13
-29
46
40
-23
-89
-45
8
-43
-16
-43
38
-47
38
-85
-35
-99
-39
-92
-34
-89
6
38
8
93
-94
-30
-96
27
-1
-69
40
-50
-57
-38
79
-16
56
26
74
71
-96
21
-75
74
-12
66
39
-40
100
79
93
23
28
-13
-55
20
-34
-94
-2
-49
-90
76
96
22
-48
-41
77
-84
44
-48
68
-90
65
6
-25
-87
23
15
-65
-52
74
17
-68
9
49
45
77
18
-6
69
68
83
69
-33
-10
-52
-87
-90
-37
-67
-19
39
-90
-38
2
-33
64
-84
-28
-52
9
47
-56
1
47
63
-14
42
-97
30
92
-74
37
53
-42
46
95
71
38
62
41
73
-3
54
81
81
51
96
-8
34
-63
31
72
-72
16
19
-51
-57
59
93
-39
-85
-79
-86
96
-54
-40
87
-95
81
38
35
89
86
41
75
-63
88
44
55
81
90
-42
25
94
-64
48
84
72
87
-41
93
-69
50
22
3
98
7
45
-24
-62
50
-73
59
-39
70
-15
62
61
-3
7
-35
-21
96
84
-57
28
36
16
51
-33
-92
71
-73
-66
95
-91
94
-87
-94
-19
26
-45
56
19
-12
47
67
-94
-43
-34
57
-80
5
-93
95
67
-67
45
30
-85
-35
-16
30
-62
13
8
-46
71
-51
-6
-39
69
-34
-79
71
-14
16
32
86
-43
-48
77
27
-80
23
-81
-22
-94
95
-73
-93
86
67
-19
-10
15
91
91
39
-68
-23
29
-66
8
97
-37
-27
-30
-87
97
-91
-93
75
31
-89
30
-61
55
-41
7
-54
7
89
25
5
19
55
93
-77
9
-20
-85
97
-97
46
47
89
-9
76
54
1
68
-15
-8
-60
54
46
-39
-76
-52
97
11
78
87
78
-46
62
100
-30
89
-78
58
90
-15
-56
-67
-13
-47
97
-98
59
48
4
-39
-65
61
-93
-47
53
24
92
-76
11
-33
72
-34
60
-12
75
1
65
82
48
33
72
-86
85
-72
46
55
-92
50
-14
-14
-72
75
37
91
-76
-82
-94
-74
-99
65
-6
-54
-16
-78
-41
8
23
-17
68
-57
-3
-24
-40
69
75
79
-8
-8
6
-76
-84
16
60
-82
-28
-93
75
81
5
-4
-83
-46
-12
-25
55
97
-72
-14
-24
72
22
33
-38
-3
49
-93
37
-94
-45
95
-64
99
-9
63
-73
17
-92
88
-52
50
82
73
94
34
86
81
90
-11
-58
-25
-33
55
40
-39
-65
35
-48
95
13
-78
45
96
91
33
-18
71
-84
35
17
-30
79
46
42
-46
-2
-8
-29
100
-97
-28
-24
-36
-11
95
16
30
84
-56
-23
-62
99
79
42
-58
-93
-88
52
-33
97
-40
-5
-16
22
-81
-54
-1
-6
-99
-87
93
-31
37
33
52
-85
-97
-70
-23
-12
7
-90
-28
-11
-95
-56
-45
63
-81
-36
-77
79
-44
-65
4
78
65
-42
32
6
-2
73
-60
-38
34
-71
92
-91
74
54
28
-76
-29
-43
-78
-99
-37
30
-30
-88
75
-69
-48
5
-76
53
6
60
30
8
54
-65
5
-24
63
-51
-13
-22
-21
6
12
54
-37
-72
39
-73
-30
-37
73
-84
-12
39
63
9
69
-25
68
17
78
97
65
-57
-87
2
-89
87
40
50
-71
24
-70
-93
-49
-92
-58
99
-10
-4
-57
3
-30
-28
-38
62
24
-72
-6
-20
5
80
95
73
-69
-51
-71
34
49
-87
-81
-38
35
86
-49
-69
-6
28
-71
83
3
-9
-11
9
-82
25
25
-68
-28
84
16
-78
77
65
97
-40
22
-45
-24
-34
-10
66
-26
-77
-48
61
-44
-62
12
-77
-43
40
-96
93
-25
75
-49
-32
-39
-61
-95
-87
97
-60
-49
24
90
-65
36
-91
-40
-89
-1
-75
-66
-14
-65
94
89
-76
24
27
-33
-20
89
51
-34
-4
-69
-78
66
93
-68
-56
-53
17
-75
93
31
58
-91
-19
-18
93
72
35
17
57
70
-18
-8
67
-96
66
88
27
84
87
65
-4
-78
-54
86
39
63
-72
51
61
73
76
11
36
31
71
17
57
-25
-41
18
-31
1
28
58
-81
-59
70
-80
23
44
48
23
98
-78
94
48
21
87
-47
-76
5
-18
-87
-77
-81
82
5
30
-69
-44
84
56
6
20
-95
7
-39
-89
66
-79
52
64
-14
-84
36
-29
-88
8
-37
-26
44
-90
27
-52
-68
86
56
-64
-32
-8
20
-7
68
82
59
54
-6
-51
65
-75
38
-49
85
-8
17
-79
-83
-81
-63
-52
-89
-75
-18
40
15
20
23
22
75
20
-75
-19
92
-88
-50
-74
-37
-86
15
3
9
-88
-36
49
42
-82
35
-46
22
-24
56
-17
55
5
-76
18
-84
-54
-76
-56
-75
-85
-33
-61
4
84
-27
-97
-48
-76
-77
-60
-6
-71
16
67
45
-24
-37
-46
-79
40
86
20
-93
99
-93
24
46
20
-4
-1
-52
-13
53
89
71
-26
-56
23
96
9
83
-76
58
33
-69
7
97
58
56
-85
75
-90
-99
85
-57
40
26
-90
74
-12
-63
34
-96
-26
81
69
66
99
22
47
16
-19
-57
-14
-54
-75
21
93
73
-86
-67
-94
26
100
-48
61
-88
-18
-20
-36
95
-49
-10
-89
-67
-24
2
-5
-34
71
44
-4
98
-85
8
-23
-81
-81
-13
-58
-23
-72
-54
65
-59
-59
-75
29
38
-93
41
68
-97
-89
81
-65
69
-89
-15
32
11
61
47
-6
-90
-45
-77
10
9
13
42
32
84
79
-20
-23
24
-42
3
22
49
39
-97
-54
21
67
31
-26
-42
-36
73
-9
-67
-95
87
-90
-21
20
75
-82
-67
-29
-48
3
3
-55
-76
-14
80
-40
-19
3
34
-39
71
95
45
91
61
3
-58
-24
-26
91
58
90
-7
66
-25
-52
-3
42
47
93
-89
62
-22
95
-83
38
-50
76
-75
-71
40
18
97
64
2
-38
16
-34
88
-85
-93
63
-32
-69
50
-87
97
43
-17
-82
-7
42
-87
-100
22
40
27
95
65
-40
18
-84
-85
27
-53
-58
65
40
-72
-99
30
-81
26
-46
96
32
90
59
19
52
-19
-42
-37
69
-68
-37
95
69
-65
-1
12
40
28
19
43
57
-58
89
-32
51
56
98
-61
57
24
73
-81
27
-63
-36
82
11
-49
87
41
-29
52
-40
-35
-21
-24
-25
-91
100
32
46
84
76
45
9
48
68
52
28
90
-26
21
-5
40
68
62
18
-43
-100
25
7
-47
94
24
23
95
-53
-97
-54
90
6
4
86
-18
38
-93
-44
91
-48
-20
-17
-42
-47
7
67
28
-18
-76
83
-25
-29
39
-73
-68
38
18
39
47
63
56
-52
34
81
59
-24
16
34
-18
-39
68
27
-41
82
-6
-18
-83
10
-31
-43
-31
57
-72
30
33
6
-32
91
40
-45
26
-13
-90
59
75
21
40
47
-9
-40
-62
78
36
-15
-41
86
58
-58
-88
-43
-1
13
-81
-97
71
-32
-17
61
-7
-93
96
10
69
-93
94
-9
-2
70
47
63
-9
26
34
6
-92
44
-81
71
-43
-13
-4
-41
-12
74
-63
31
18
-87
78
-3
25
91
30
-97
6
92
-76
73
39
-13
-8
-100
67
-6
69
68
-12
57
7
-62
95
58
65
-58
4
35
-66
84
63
-87
78
-36
-25
55
-31
-91
88
-74
-29
73
22
12
81
-50
-17
72
67
-8
-83
-56
60
42
-44
-43
10
59
28
78
-19
-93
-18
84
10
85
27
-77
59
90
17
64
29
54
53
76
-19
24
-16
-3
-98
-33
-76
37
71
-19
-30
32
47
18
69
98
23
-32
-53
-3
-86
24
-63
-96
39
-72
-91
-15
-97
-67
20
-28
9
-85
-72
-65
-8
86
55
36
97
69
-28
53
26
-94
59
-66
-29
-41
80
29
73
-55
68
95
-39
-41
-36
85
98
-80
58
75
-50
-48
-60
98
100
-30
-29
98
64
94
5
-45
55
-94
8
-59
1
-14
55
26
44
-91
-67
3
-41
-8
-71
85
43
87
48
-68
58
-49
-59
-32
-75
93
45
58
49
-63
86
11
5
-29
13
-98
94
-97
46
48
-17
-59
-16
-52
-62
75
-32
-96
-55
18
-72
52
28
52
57
-97
70
55
-19
49
-90
82
26
67
-82
-25
80
-6
29
45
52
26
42
47
24
62
27
-92
-86
-42
-14
-44
-49
-41
-58
-97
-68
-92
-44
-84
-36
-62
-51
-33
-3
42
75
13
-37
46
55
56
-92
-9
4
80
-14
32
49
98
67
83
68
-10
70
-46
50
-52
-5
51
-33
84
-60
-27
22
-75
3
-56
-5
-92
-55
53
75
-73
37
11
-20
-32
67
84
-81
-83
-77
-65
45
-94
-14
-96
-68
-41
94
44
89
-77
-6
8
77
-47
92
-42
-69
31
81
57
99
66
7
-86
6
48
-51
-93
-13
-17
96
-93
-80
-57
39
-95
70
67
74
-54
-50
4
-96
-99
-49
-97
5
45
44
41
9
-88
85
-19
30
-12
73
-100
25
-88
66
-91
56
-30
69
-54
-24
-93
-43
89
-94
32
-10
94
-20
-54
64
-59
86
-79
61
-31
71
-72
-27
-90
34
-7
-33
70
-37
-85
-18
-31
-85
-48
64
5
71
68
54
76
-84
-50
98
-59
-4
-26
-70
-58
66
-49
94
77
54
-74
89
-41
17
80
60
-78
-71
54
33
56
14
-4
36
97
63
12
72
26
-50
-88
-80
-66
-23
76
-85
18
88
-48
-49
43
-60
34
-33
-61
84
29
-36
-54
-72
44
14
61
-22
27
85
-65
48
54
44
20
-41
-26
-54
-34
92
-69
98
-99
-18
50
-12
29
66
-7
-26
-39
-86
-66
68
59
-47
86
-51
-26
36
48
78
-57
46
30
-59
-94
16
81
-96
-8
45
10
-60
-52
-90
-10
-96
-15
-23
-85
-5
-95
-48
9
-26
17
18
-54
98
-16
-22
-28
15
-73
33
10
-64
-31
70
94
-56
-15
-54
-63
-18
-5
-70
-51
-41
-1
2
0
