80
-24
-7
-49
-24
-58
-56
-76
-95
26
28
-15
97
35
13
-36
54
30
-27
-24
-96
28
48
16
-36
29
-49
-92
39
-53
-42
-22
3
-24
-60
-24
-43
-16
39
10
59
37
-83
-7
-68
-8
46
31
74
-64
84
-27
-3
-28
25
-20
91
68
-32
-96
-76
15
15
-24
-46
65
-62
44
94
21
46
68
70
22
17
-93
43
-83
-69
-23
81
-95
-71
-71
-69
-45
-70
85
66
-59
98
-90
84
15
-68
30
-30
-78
-48
3
-60
60
50
6
63
-9
63
26
77
92
-63
33
36
-53
37
-2
100
79
-32
-64
79
99
24
-9
-67
-60
-46
-60
93
40
32
49
-33
11
-31
22
44
15
-86
-58
92
73
53
51
31
-25
-28
-23
87
6
23
42
-23
-49
-36
-14
65
7
35
-49
29
-43
-11
-43
24
-12
40
-67
-90
33
-99
57
57
90
57
41
-88
-100
-100
-86
16
20
32
28
11
91
76
-99
77
-62
68
-32
25
-36
47
-94
-17
91
41
-55
9
-77
83
70
-53
-4
59
-45
66
-25
8
92
-55
73
-30
9
-23
73
50
35
-69
24
-1
-41
-43
-63
-14
39
87
53
30
5
-41
80
16
-77
5
-37
40
-78
72
-93
24
-55
40
31
93
-84
10
-84
-93
90
-84
97
59
76
36
48
-1
-57
-22
-41
-92
-54
-16
-33
53
95
2
-49
-49
-68
77
-14
37
88
-17
13
-77
-62
87
23
86
-75
-82
38
-65
37
-10
21
49
1
-69
-84
-19
-11
-83
25
94
-88
37
-86
17
-14
96
100
67
51
53
93
-94
-6
-70
-97
-22
69
100
58
86
-11
67
-22
-83
-91
-47
3
64
-76
-79
86
-71
85
-74
-91
13
38
62
-19
-43
27
-56
45
-45
82
-13
-89
47
97
91
33
75
25
26
35
63
-31
1
91
99
27
-81
44
22
-61
-96
-65
-10
68
18
98
-18
62
62
-54
-73
100
-42
-8
31
5
79
-38
-98
-46
-66
-100
24
28
-52
-85
-43
-67
69
-38
-67
2
-69
-47
-36
-26
5
82
74
-21
-94
-71
-20
-1
-55
-4
-33
34
-25
-85
-36
64
19
98
25
-26
92
-44
-36
62
54
53
-99
-94
-98
89
71
75
-87
-68
41
-61
28
-3
-41
34
71
-26
14
-77
-17
-100
1
-55
-53
-83
33
-4
-46
-6
35
5
-71
-31
26
7
71
66
-55
-9
62
-37
-66
52
25
70
73
-37
54
-77
11
75
53
-51
-70
70
-27
-21
2
-92
-74
5
17
-62
99
-52
57
24
67
20
-54
90
-40
-92
-70
-79
60
2
-42
-59
52
-89
16
-7
-27
-38
30
100
75
-76
-72
57
-72
-88
73
-61
-79
-55
1
57
21
-31
41
100
92
82
92
-4
100
26
10
-54
23
82
7
2
-12
-68
-21
-12
-38
57
42
37
50
36
-72
45
40
-60
5
8
95
77
-61
-67
-10
14
67
-22
-100
-13
26
-6
24
-54
87
2
56
-87
-22
35
-23
-66
86
27
57
14
-55
-27
-56
56
-97
78
90
-71
-82
95
-60
39
57
27
-52
-67
-61
-26
-33
49
43
83
-9
-13
-23
-29
-18
-16
-48
-31
-39
92
27
63
89
8
73
65
-16
60
-23
49
-36
-65
37
-15
10
1
31
-43
-16
14
24
-86
-23
-64
-73
-56
47
54
68
-35
-90
-32
-43
-76
-15
-88
7
-84
-66
55
-33
97
-8
58
-85
-74
-81
-59
37
65
33
-13
19
13
80
-19
-29
-14
-41
-90
47
-55
-96
-17
-95
70
95
59
1
-11
-23
-28
25
-67
-78
18
10
-71
99
-62
-82
-9
38
81
-38
94
92
-35
58
63
9
68
-51
-57
-4
90
-36
-58
55
-35
-5
-88
-63
76
72
-62
-44
-1
27
-39
-92
-23
44
-41
-5
-56
-64
-72
78
62
96
-13
-48
-63
-74
26
35
34
21
-67
-18
19
19
93
45
-48
-63
63
21
15
20
5
-25
62
8
14
-76
-9
20
90
35
21
-68
-7
-55
74
-7
-55
-63
49
40
13
75
25
38
-81
-8
-70
28
22
-79
-29
-51
81
93
29
19
-67
76
-14
76
-39
-27
-1
-80
22
-11
-32
-9
36
29
-92
67
67
62
-33
-34
-55
-81
8
50
-2
7
-52
-32
-63
54
-67
-30
-11
-22
27
72
33
97
29
37
7
-41
-29
35
34
90
-63
97
-90
71
96
35
58
-89
-61
-61
-19
13
-55
100
27
23
-31
79
67
-23
-65
56
-31
-95
84
-68
45
25
-81
61
56
-29
-70
-43
89
-31
-13
-93
60
55
27
70
-4
4
19
49
-2
-80
-94
-6
68
-48
-74
-18
-41
24
9
89
-9
10
11
57
-13
-18
11
87
17
-14
18
-63
-19
-64
35
22
13
54
17
11
83
-72
44
4
-10
-70
82
23
-39
-35
27
-52
4
-79
-64
100
46
-82
-19
89
-28
7
37
-2
42
-10
38
-50
91
41
65
66
-20
91
75
-38
-19
-20
49
-74
98
-78
48
-70
23
91
36
99
100
-12
43
-66
-19
10
14
42
-21
24
5
39
66
40
95
93
-33
-67
-85
62
12
93
-75
-88
-57
37
95
3
37
88
94
-23
24
-67
-2
-48
-68
-83
52
-18
-23
-8
61
-44
-41
89
59
-47
-53
-4
92
20
46
10
-34
-49
-92
-50
-77
16
4
61
80
86
-25
-5
81
19
-8
-98
-10
2
-6
-68
80
75
19
24
9
54
-90
-3
55
73
88
-2
-20
-68
-93
58
-95
-99
44
-3
-64
94
-77
-72
-44
15
81
-85
-97
6
-69
39
-12
-98
-45
52
60
-25
18
81
-5
-57
45
-77
35
35
-2
-37
-3
57
57
-85
3
-74
-100
-18
-2
65
20
18
57
95
-26
89
14
-4
92
20
73
53
-19
-62
-86
22
39
27
35
6
38
37
26
35
99
-63
50
19
-63
7
2
-24
-6
-17
-47
2
-41
-40
-93
-94
-72
-59
12
-52
25
-7
-37
-71
83
-60
-36
-26
-44
-74
-15
-35
43
6
35
-60
76
84
-77
33
-28
34
1
63
-75
80
41
86
-32
4
-57
-44
-64
-5
-6
46
6
-49
-9
54
-79
22
-24
55
-6
-55
72
43
45
69
-3
43
4
98
67
-12
22
66
-61
-34
-43
7
84
57
-22
44
-16
-79
99
7
55
27
-75
84
92
21
68
-85
74
95
80
-37
-82
-32
-9
-11
78
89
-29
76
22
-11
-4
-66
-44
-5
42
27
-16
-82
-28
13
36
85
14
-31
72
79
-98
85
9
66
-33
22
51
-81
-12
-47
71
-1
42
-48
-80
-61
32
22
-49
-12
95
45
72
51
-87
3
74
-53
58
-8
2
-61
41
-31
34
75
4
-66
-11
81
-40
52
7
46
37
100
12
-82
52
-99
39
7
97
40
-51
8
100
68
74
-52
-22
31
-23
-29
-67
12
-43
-4
94
-15
-41
6
-42
62
71
-70
76
-38
-76
-20
-79
44
-71
-88
-58
-43
33
70
-53
35
-22
77
-10
-15
93
84
-81
76
-75
-95
-47
56
-95
-54
-20
49
23
90
92
-91
59
12
-1
-68
55
-24
10
29
48
-75
-29
99
-51
30
-45
-26
-92
-92
-97
-65
-8
80
-44
3
41
-41
-18
19
-20
73
72
18
79
100
-60
-87
77
93
-100
16
91
-83
-100
-56
55
-64
24
-69
-98
79
-28
78
72
92
39
11
-5
-72
89
87
8
19
-44
66
92
-56
-85
-1
-94
56
-83
-91
90
-71
17
-82
-11
10
-31
57
-90
-36
98
51
-36
-93
57
-87
-36
-34
-33
49
36
-7
66
48
-97
-78
74
17
10
-8
-87
-98
50
-65
5
60
-23
53
-45
5
-78
-55
63
-45
10
-2
38
-45
-15
1
-43
86
98
29
64
13
64
-88
95
60
44
77
12
-23
-97
-11
-100
-29
-15
68
-57
-12
15
16
-41
-9
53
46
83
29
48
31
-11
-17
10
30
78
36
-20
-98
37
11
34
14
85
10
33
-34
-66
14
73
61
88
-58
77
-4
-45
-88
18
4
23
49
-42
86
-38
75
-54
43
-52
99
87
1
29
28
-2
11
-57
41
76
98
36
76
-57
-76
-94
-88
62
46
50
1
11
5
53
97
-79
16
-18
-61
-69
-85
-58
-72
-48
26
65
-2
95
81
-15
16
-39
-95
-60
-40
87
-66
52
8
-33
-57
71
73
57
47
79
-62
46
9
31
-53
-42
-92
-53
47
29
-37
56
73
-93
33
-6
-22
-17
-8
-96
61
-38
-82
-94
21
-84
24
24
-91
-13
16
41
6
67
-30
-67
-2
94
70
-12
8
-80
57
-28
-41
-73
89
-70
18
20
-61
-47
62
34
-42
73
-4
40
35
-73
22
14
-83
98
47
-96
54
50
53
-68
-77
-10
73
-51
-77
2
28
77
80
63
72
-87
-11
81
81
11
-95
4
12
90
-19
71
49
-44
53
80
2
-95
-75
76
59
-87
70
81
29
-62
-19
30
34
54
82
-26
-55
-62
-45
-69
-76
-50
-34
60
-62
43
-39
-37
10
-48
-36
-55
-91
15
36
41
77
-8
-70
-60
-76
-44
30
84
11
48
49
32
93
-36
41
-27
-51
35
9
95
2
52
-16
6
64
24
-47
-6
98
2
19
30
-95
63
57
42
6
-53
35
1
-67
92
-96
54
-74
-24
-69
-96
6
6
76
52
88
83
18
77
-4
97
12
-93
30
95
79
-6
31
70
-28
12
-90
85
55
42
75
-37
-80
-33
-62
-6
56
-6
5
13
-35
95
-62
-23
36
-59
-53
6
74
-48
84
95
-1
79
-86
72
57
90
73
-17
-47
88
27
-19
95
34
94
-31
-80
7
-18
79
29
8
-37
-46
-88
-52
82
57
64
-20
53
-77
-9
-5
95
-92
36
-61
-31
-49
68
91
100
92
-64
3
-57
89
26
-4
88
6
-58
86
-37
51
-22
80
62
84
52
43
-100
44
-3
45
34
76
-93
72
-95
-36
-57
4
23
38
-56
100
-33
62
-90
-94
38
70
3
81
20
-37
78
-55
17
-76
-86
-87
52
59
85
-10
17
-94
-5
52
14
-40
33
-18
-12
21
14
-34
-92
95
64
-35
19
72
-92
37
70
-3
-79
-88
74
-58
17
-66
-5
11
-15
-53
14
-20
93
41
-25
96
75
36
26
42
-98
-99
-89
72
80
99
100
97
-58
-38
93
95
-93
10
-93
28
81
-40
51
49
31
-70
-45
-13
30
32
-77
18
31
67
94
-70
8
-21
70
-35
87
39
92
-29
-31
2
47
-20
79
-43
23
-83
-70
97
-87
-25
54
3
46
90
48
-59
-58
4
13
68
-96
55
-53
41
74
-31
-76
-45
82
31
6
39
-87
-64
-3
-58
81
67
-43
76
83
77
-26
-18
2
95
-75
-95
-77
96
58
21
52
70
74
79
-6
-55
-87
95
47
48
-84
-16
12
98
-53
-17
-63
56
7
91
71
-19
36
-4
99
-37
79
-10
-78
85
30
-31
98
-6
65
-3
-33
-55
93
55
23
21
-32
10
37
43
-78
19
-86
94
54
-84
-39
-54
68
-56
-6
-69
19
67
-49
-96
65
-45
-71
-24
-22
10
90
-41
90
79
7
-44
-67
-48
10
13
99
5
-93
-82
-26
-10
2
-65
95
26
50
95
24
-72
98
-73
100
-42
-19
32
73
-94
-16
-76
87
-12
-84
-53
-29
48
-40
96
24
-96
-38
-94
-86
-96
-61
76
50
-76
-29
-33
-18
-78
98
51
77
-34
-12
-86
-85
35
63
-41
91
-93
19
-61
53
73
48
86
-55
16
-85
59
-6
-86
-94
90
95
-33
-84
-83
41
-88
67
58
-87
-30
-64
84
-8
34
-21
-9
-78
-42
6
-51
-2
-59
-92
80
4
35
28
-55
-89
-33
21
-29
71
-75
-90
-19
88
-71
24
55
-95
56
-70
-20
70
81
53
-47
16
-58
86
67
90
-68
-70
25
55
17
7
52
87
-56
-68
100
79
-9
91
65
-11
-65
30
-82
4
-72
32
68
81
63
-64
69
-7
97
62
-11
-28
-46
65
6
-8
77
63
-38
7
-42
88
31
-28
-47
3
22
-14
-7
-42
-68
75
-82
89
-11
17
60
-56
7
-55
45
-71
82
56
16
-47
10
-37
-65
75
74
79
33
74
76
47
-6
-11
-6
-4
-29
-17
3
73
57
72
-77
-98
64
-38
-75
37
-30
-56
-75
-68
-64
14
-52
1
42
89
-82
66
-3
16
83
-10
85
-47
-72
43
72
-34
2
45
-79
47
-11
72
69
-72
35
-90
44
28
-46
-81
89
51
-73
47
39
61
-68
38
59
-11
66
-33
29
-51
55
62
-57
-27
-42
-78
-66
-32
-83
41
-79
-55
91
-4
-6
50
5
-14
-37
-97
63
-30
60
-96
-50
15
33
-39
69
56
-74
-8
-5
70
73
49
85
81
17
45
12
90
76
-18
33
70
63
-34
55
-29
-12
-28
87
-50
-62
-16
-87
-28
-66
-65
41
23
19
-17
-63
1
41
77
70
74
-42
-85
86
81
91
-12
22
10
-63
-58
-41
-86
-91
-37
54
-36
6
-21
39
49
100
-99
-22
-62
-11
58
10
-29
63
-4
95
1
62
50
70
-37
-94
7
-35
-4
38
74
40
-79
81
-59
-3
27
-92
60
74
-37
-92
-20
16
31
42
52
55
82
-82
-56
-54
60
-21
88
-70
62
30
-7
45
55
52
1
-45
-32
-60
-68
-84
39
-37
-33
-97
10
-49
-43
79
19
98
36
-94
-82
-97
-82
79
-79
44
73
58
20
25
97
-69
-11
38
42
-14
-55
-67
42
-95
10
62
-72
41
-65
30
-35
15
-20
2
51
-92
55
72
79
51
27
40
5
-40
-2
91
89
95
38
29
-57
-88
-51
-6
26
52
-88
-76
-81
-29
-10
-95
-13
-64
38
-54
-94
81
-27
92
79
49
52
12
3
53
89
58
82
73
-62
99
-68
56
-38
-37
65
-13
-64
-41
-27
-21
92
72
-14
-33
-77
34
-28
-35
-17
-73
-25
-28
-32
68
-39
81
-24
-76
20
96
56
-8
11
-51
-47
73
-23
-25
-53
-50
44
14
-9
2
-37
84
-43
39
64
80
34
-8
68
18
47
23
-80
47
-47
77
-22
36
-82
73
-43
-79
-41
-86
62
-14
-73
57
-3
86
8
-59
9
-78
-68
-93
-70
-77
-78
-20
-62
16
-98
-18
69
-70
32
91
29
-50
-88
-60
-17
17
91
-31
-74
-33
-21
-92
38
-15
-29
-86
-7
92
-59
-93
-55
99
35
98
81
-85
12
-94
-96
-65
-30
-16
-69
-48
-89
10
23
87
-60
-77
86
-48
-65
-85
68
80
15
42
-16
20
-97
68
39
-87
45
-71
68
40
-83
-3
-52
-63
-74
-72
73
69
-58
52
24
-25
54
-63
-84
88
-10
-33
18
53
-4
-99
-99
63
-18
-38
-78
-39
-61
48
8
39
-18
-42
-15
-24
-41
-96
-62
-83
-20
48
-92
35
-9
47
-13
-95
-41
-47
9
-33
-5
35
-54
-75
29
-56
62
-20
91
45
-38
-17
96
-77
37
30
70
-68
-50
42
-69
-56
26
-2
-97
96
-100
-8
97
19
-73
12
24
21
-13
-79
-68
-83
7
59
16
73
51
50
10
55
-30
-84
-14
-32
42
28
-11
24
-50
-90
-1
-4
-61
95
82
-18
46
-49
19
-81
68
-40
-75
-100
85
36
66
-48
58
30
-20
-99
38
-6
-87
57
-42
-21
-86
44
-62
-29
-76
-55
74
83
-78
14
65
6
31
-12
98
3
16
-41
-63
-6
100
-58
10
-32
-48
51
91
59
82
-6
36
-45
-72
-27
85
-30
-2
77
-22
33
-44
-57
-99
31
2
-93
80
32
-57
-3
-33
62
-35
64
-28
69
32
-23
-80
72
41
63
-2
-48
30
-46
38
-86
-20
-26
-41
73
-55
27
97
39
27
40
-93
-38
16
55
23
-88
-50
48
-72
-49
78
-29
50
-98
-30
67
-44
-54
65
-95
-49
31
44
-20
-18
-80
-93
-32
-55
-85
-65
89
48
27
68
-40
98
87
-30
-75
-84
-54
39
55
21
-58
-86
50
-51
26
-7
-60
79
-95
-84
-78
73
27
-92
-9
15
-92
-39
88
31
60
-87
92
-71
40
-14
-42
74
-52
-57
58
-24
-14
-27
-62
44
-45
48
-81
-62
79
54
90
25
-22
-58
-74
-87
-75
-60
-35
50
-89
-95
-61
-89
60
-20
-37
62
48
-32
-38
-52
-11
-49
79
98
65
89
-64
16
-61
-76
54
-18
93
-46
-43
75
-32
40
1
-54
53
-18
-21
39
29
1
29
-76
66
95
-41
-71
-33
-69
-90
-74
25
-31
-41
62
-71
-79
39
-46
-14
-40
-28
1
50
98
-97
45
-20
-41
68
-42
59
-16
6
-53
-56
-34
-91
-14
59
87
96
-70
47
1
79
-68
54
55
49
-36
-46
36
26
8
-40
59
-45
82
27
-32
-23
-47
12
60
35
-20
-23
1
-90
-46
-57
13
85
-87
21
-87
-41
79
-82
-20
-28
-52
77
-80
-77
-50
-53
12
-100
20
91
54
5
-73
96
-96
-53
58
-93
-53
-81
89
-86
-40
-53
37
58
-96
-100
-55
53
-97
-18
25
85
91
20
-68
-81
53
-50
-78
49
82
-74
32
78
69
-15
88
99
-100
14
-35
-20
-2
-43
-6
-40
33
54
98
45
-52
49
-77
-22
-43
-5
-52
14
12
40
75
-54
-52
5
-71
-64
15
-90
4
-60
19
-57
-54
-19
-13
38
46
47
-16
67
10
87
66
97
-85
87
-23
38
-47
67
60
66
43
62
43
67
16
-59
-52
64
-54
-13
-12
-44
-28
53
-97
-46
-55
-50
-20
-86
-47
79
-81
85
-38
-34
31
-13
-35
36
-36
82
70
-9
80
-29
46
98
55
60
-49
24
92
-84
-14
-25
-51
-3
-98
-30
-98
-43
50
42
-86
80
-21
-75
-51
-53
-27
62
65
26
-91
-13
70
-30
-64
2
42
-91
-85
-85
-87
-35
38
51
21
-10
-7
-98
11
86
-57
53
9
90
-3
64
35
97
80
-17
91
100
40
81
36
46
63
-71
-21
-94
54
15
-24
52
-25
21
19
-12
46
16
-10
-66
-84
-53
9
6
-13
51
-80
16
70
77
20
86
-39
-25
-23
-72
71
31
-10
-19
-29
-30
49
-97
-42
-49
63
-89
-66
-58
74
-29
27
-83
19
-50
-63
-89
-50
81
38
16
63
14
45
-63
44
75
56
-21
-80
-97
9
98
-24
74
-66
-66
15
-7
72
-91
-3
25
63
-51
-26
-77
-10
-84
-69
-72
50
-4
-42
-32
-57
27
64
-34
70
-21
-53
-4
-17
-24
77
74
-82
92
-47
-26
73
-80
48
-50
-14
61
-95
95
54
-2
-49
90
-45
-96
-56
59
52
-2
-39
11
86
-26
-65
-48
87
-68
-70
30
-17
13
-92
4
57
-97
49
32
82
-46
54
37
79
86
-31
-83
58
89
67
49
-67
-33
-88
-52
65
-26
-100
-62
96
-28
-35
-43
22
-29
25
12
48
-72
-81
-93
30
60
52
4
30
-71
-13
-69
49
-95
-15
64
65
33
26
-89
-64
18
-7
-8
9
-46
33
1
28
-81
10
58
66
12
-2
-74
52
7
-77
25
56
-49
11
-68
6
-42
100
73
-50
-2
22
73
1
68
86
-4
-14
-92
56
-100
21
-78
-19
21
40
52
68
74
-30
-95
80
-3
-55
80
11
34
-55
8
37
-82
55
-48
-33
-8
-54
11
24
-41
83
98
-29
92
-60
-81
84
-57
-39
-77
40
-45
-71
69
6
-31
-72
89
66
-57
29
-6
47
-66
33
43
-37
-98
39
12
-96
27
-31
-3
9
56
63
69
-79
-22
-56
63
62
59
-53
22
-56
-46
-8
10
54
-70
-90
49
33
-83
-46
1
-59
7
31
85
-24
-96
-5
50
39
60
-82
49
96
-77
-65
79
-77
-30
33
99
-74
-76
-33
10
-64
67
9
-58
-6
25
87
53
62
8
-27
64
-51
35
94
12
-71
-32
-82
97
-60
-17
54
89
50
-13
-71
93
48
-35
-10
-88
-28
-93
-74
-99
-8
-73
7
-28
51
52
10
-8
-23
-47
51
-98
100
-8
-22
-6
-2
-52
42
87
80
-97
1
-8
91
-32
-38
-51
-94
-22
60
-68
-87
47
84
-46
55
-17
-45
-95
-46
85
9
-86
-56
-11
51
91
31
77
-88
1
11
-42
-91
83
73
95
73
69
-46
35
87
-88
57
90
33
19
-55
-87
63
-40
-29
69
-11
-82
6
-15
47
-28
12
-21
54
-20
1
-42
-2
-96
100
-94
43
-48
-25
69
-67
4
-23
41
-74
-65
-53
73
5
-58
72
29
75
-86
-42
-91
-28
28
-89
-35
-34
-36
89
-23
-48
40
-95
57
20
34
79
49
7
48
-26
-76
-4
67
-66
-12
-69
32
-75
25
-87
-34
87
31
57
-53
10
-61
-47
21
72
18
-76
66
-89
-1
37
22
-62
50
90
-42
78
7
-47
-62
31
-55
-25
78
36
87
13
88
53
97
-4
-53
84
-74
1
-16
51
71
23
76
-24
78
-76
-54
-37
100
49
-72
92
-83
58
18
-55
-84
8
-87
61
-78
-5
-95
-18
8
47
-70
-33
-97
24
8
26
47
-61
-90
-58
37
94
68
85
-56
73
-17
89
90
68
38
31
14
-22
-99
12
97
29
-99
40
67
-75
-80
91
1
71
-13
-27
53
24
80
57
75
-36
-24
-43
86
46
-1
-52
30
28
12
79
-35
35
29
38
-65
14
-28
-29
16
31
5
19
77
-74
33
28
-93
-25
-29
-26
-46
70
-58
53
87
-61
10
-86
91
-59
86
-25
25
13
68
-68
-29
-59
-78
-82
-16
79
28
61
-48
33
-55
24
46
30
48
19
-13
-85
68
12
54
-63
-48
-17
7
99
-87
5
-1
85
-63
-25
-18
-92
32
-67
-7
19
56
-33
-27
25
26
-56
87
-70
-59
-21
-57
46
52
-64
-79
47
-31
42
49
-20
-8
83
-17
-42
-50
-5
9
-78
75
-76
-69
21
17
-21
-73
-27
72
55
-33
37
-53
-38
91
65
86
74
64
-53
-30
-77
67
-5
-82
-54
-81
-90
-2
74
100
41
10
-68
-1
-84
-9
91
93
-25
-37
-58
70
94
-40
49
90
55
85
50
-4
-92
26
13
-71
30
-75
-37
-81
15
-4
44
-23
-17
-39
-79
84
44
-82
-89
-32
13
-78
-62
47
-3
62
10
72
-98
-79
44
67
83
-36
8
81
-38
16
27
-15
-99
26
-92
-63
-68
25
-60
59
30
96
-80
5
-39
-65
-77
85
-100
-15
77
23
57
-75
64
-72
81
99
-58
92
-96
-96
-74
73
11
-64
-47
27
61
37
26
10
-28
-18
62
-21
1
75
-44
-34
-27
19
46
76
22
98
50
64
-21
18
-94
-73
57
-39
85
45
44
-38
71
-36
-1
86
77
-51
85
-49
-15
-69
71
36
-8
67
36
35
54
53
-34
1
70
64
-17
-75
33
90
85
-3
64
-51
-72
100
68
-82
94
-99
96
-45
41
82
-66
81
16
20
6
11
64
-98
-49
45
15
13
7
-22
73
86
-47
46
33
-11
-14
-38
35
17
51
-51
89
30
-52
-26
-19
31
-55
-100
100
-42
14
5
-45
-68
17
-55
69
50
43
-51
78
-93
-73
81
-33
-91
-90
26
3
-36
-26
-3
-51
19
-78
-81
52
20
-83
15
-69
15
-97
-76
-25
-84
-10
77
59
31
-79
81
28
-18
17
30
-40
12
30
41
89
100
66
-31
-58
83
-77
13
14
-78
3
-9
-15
-76
-95
-93
-100
76
79
-24
85
72
-81
40
-73
29
4
65
85
14
86
-55
41
38
-87
33
-75
-2
2
-91
29
-70
84
-93
-67
28
-43
70
-85
-71
-98
74
18
-77
18
-81
-92
42
-4
-69
100
42
-81
63
81
-29
1
63
26
66
53
98
-93
72
-29
-7
87
99
65
68
2
36
51
50
-56
82
-47
85
18
-65
-90
-99
64
87
90
-56
-26
38
-66
-36
30
-15
77
71
75
-63
33
-70
-7
-58
-94
48
-33
35
-18
-50
96
60
-91
60
-36
-45
65
-67
-81
44
-12
94
-82
52
31
34
-6
-99
61
-57
-38
-66
-37
83
-19
-22
82
25
-69
46
-16
50
-74
-67
-54
39
29
-3
20
-29
57
21
-85
-62
-1
29
-63
-24
-46
-52
-98
94
14
60
34
-30
-37
20
88
-89
-73
21
91
-33
-75
-74
14
92
70
83
63
-81
10
-65
-70
62
69
53
-22
51
7
-96
99
53
-10
84
88
-93
-40
93
8
-37
87
-74
-22
8
37
45
50
-31
-56
-14
-72
76
-37
-94
7
15
-3
-43
-63
-99
52
4
-12
-99
8
73
-79
-36
76
-25
97
-6
-32
-42
39
-87
-20
54
55
-16
-71
-94
-53
89
58
-81
18
-43
-43
-34
45
-1
78
-20
76
24
-92
-97
65
18
-73
87
57
-66
61
63
94
77
-92
47
-76
-49
3
1
-67
-45
-64
-93
-65
-89
9
57
-32
95
79
-44
56
95
-60
-52
-93
-100
-15
36
-36
10
1
-14
-18
97
67
35
90
29
100
-56
-8
-54
13
-29
72
85
10
-92
-36
-64
89
-15
-57
84
78
-45
64
-59
91
-44
9
-42
-13
-93
-94
-12
-75
14
-53
-13
-71
-81
37
53
-96
-27
-62
26
-37
-18
80
-62
85
38
80
68
-64
6
-86
-89
77
43
77
-29
72
63
94
-84
-46
19
-87
-72
-39
-3
90
57
-74
-80
27
52
-23
56
-83
55
-41
65
68
69
-47
87
68
-13
-47
83
47
-85
-6
92
-86
37
-74
37
-21
21
-83
-17
33
-22
85
-70
-23
24
-75
65
-74
54
-76
-62
-59
84
-92
-6
-35
30
-10
32
-9
80
-100
78
28
84
-94
62
25
-77
-19
-9
24
47
-62
28
-92
93
65
-12
89
94
74
24
-10
83
-72
-60
-78
64
49
-15
-3
42
-2
-56
93
-84
74
58
-23
-16
19
-6
91
-9
44
-95
82
-81
95
83
-26
-25
62
-13
91
35
-11
-64
33
-54
-13
61
28
-84
-91
-79
-59
58
-99
93
-4
-1
22
-59
-14
83
-54
-19
-18
48
-57
24
94
-64
-47
26
48
-10
58
26
73
-92
50
-25
53
38
-50
-6
96
36
-49
-56
-45
82
-6
99
-59
-31
83
-79
2
79
58
-57
54
82
90
-80
-8
-7
71
74
-29
32
-35
44
10
-59
-49
-45
-81
85
83
-8
-48
-12
35
-20
-24
-23
8
63
-13
7
-22
-42
91
-13
-27
-80
38
78
-5
-58
28
-68
51
72
-58
-11
-80
-66
-26
46
-33
-96
88
-88
64
-27
-51
-40
63
24
-43
-37
74
-79
-10
-4
-52
61
86
45
-4
-56
51
71
-31
-39
92
-11
4
-80
89
-67
34
-48
-8
37
63
-14
26
68
62
36
-59
3
16
44
-68
-70
-29
16
-53
95
5
-22
74
47
18
-84
32
-67
37
-75
20
77
43
-17
51
-40
45
8
87
98
43
86
72
-37
21
50
-98
-43
-53
87
38
-99
45
-60
27
-48
90
-52
24
-39
-33
-8
67
19
-13
83
-71
-20
43
-30
-33
14
-28
48
77
-7
-50
11
-58
62
-30
78
-4
70
97
11
-51
-87
-4
28
-47
46
-76
67
-39
67
71
30
-11
49
85
8
-68
82
-31
19
-64
70
24
40
-60
9
-8
85
72
-4
-64
-99
88
63
54
56
-79
-11
-19
91
27
-60
-19
-95
-4
-44
64
57
28
-23
-41
36
47
23
96
-14
-59
-57
16
-88
-64
-19
-89
85
-80
18
55
-54
22
51
94
62
75
-84
13
-86
32
76
83
-78
-4
-61
90
83
-87
20
-52
83
99
-53
-14
-31
-36
31
46
39
-95
-43
-61
42
-78
68
-30
34
39
-96
-51
13
9
-18
58
59
1
-45
69
79
-41
71
30
-21
-7
89
-99
60
26
-3
10
39
-64
-84
14
67
97
-97
-6
79
-64
-92
-52
-60
-33
85
-6
-26
74
86
-7
73
9
-19
-60
56
-66
28
-75
24
-72
1
50
67
84
93
1
-59
99
-87
85
95
-68
-82
-100
7
96
77
-47
-29
67
47
-66
-26
59
50
58
-73
-4
90
-25
72
-82
66
67
-97
57
1
67
-85
60
40
65
65
56
-3
-95
72
84
9
-31
10
-64
-80
-94
-2
69
-70
39
-27
15
80
89
-63
3
6
98
-16
98
1
-21
92
69
-78
-55
1
-57
52
-27
-20
-40
-88
-21
-33
-6
48
27
-55
-36
70
92
-45
34
81
-26
29
71
-1
1
-54
-1
-32
28
63
53
33
90
-54
96
-40
11
-41
-84
-87
-32
-27
-61
14
46
-75
46
30
16
66
-5
24
-88
-82
38
-72
-87
17
22
-47
43
73
-12
67
57
-79
-53
61
-19
-11
-23
-42
70
13
-96
-14
-57
-50
19
-16
-2
66
74
77
26
61
-57
-47
27
-19
-16
-42
-49
-37
-52
38
-5
-96
-89
26
-58
6
7
50
68
30
60
-46
-52
37
69
75
97
43
-89
-59
99
-4
3
96
41
35
32
-11
28
-31
-25
59
-80
93
-76
84
-87
-86
-26
-49
-60
-46
34
34
-97
-84
-48
-54
25
-10
-21
43
61
7
-8
-85
-54
40
88
-86
98
-24
-26
18
-30
-26
46
30
29
2
74
-32
-30
58
-67
98
90
77
84
22
94
51
-88
-5
92
60
41
-39
-11
90
95
34
93
11
68
31
-77
44
-82
64
44
-10
92
-59
5
86
-62
9
-68
-70
-83
90
-16
-18
-3
-49
95
-82
-75
9
73
73
93
-30
-62
31
-56
97
40
-81
-74
65
-25
-86
78
-46
-21
96
-59
-76
84
-2
17
-28
79
67
98
-18
-67
-72
28
-25
81
81
-22
2
-40
76
36
16
90
66
21
-18
-38
-21
43
-50
7
-37
-60
9
-100
85
27
-73
46
62
89
89
-54
-35
89
-79
14
-16
-51
22
-53
-4
2
88
-89
74
18
37
58
-65
91
-74
-77
-98
-8
-50
6
-46
-92
-49
59
-32
-18
68
4
-63
-92
-3
-73
-25
-58
28
100
48
-7
-93
52
-25
-44
-11
96
90
-46
80
38
56
-16
-61
-68
-59
17
93
-59
-72
-74
12
20
14
-94
89
-15
57
-80
-6
31
-77
-54
55
5
57
38
2
59
47
-31
-4
8
6
86
-77
-81
-61
53
-8
-77
2
-63
-70
-9
37
73
26
-51
71
-2
-28
92
35
-68
-100
37
96
-70
28
38
48
-91
-62
32
98
-3
22
1
-47
11
-42
60
-25
-56
-36
15
74
13
66
-67
9
47
89
33
-87
73
44
21
89
28
-9
54
23
86
48
-75
64
21
-90
-95
8
1
-15
-44
55
29
99
-65
38
-66
-69
-40
77
5
69
-28
91
-89
5
43
-18
-17
100
4
-92
-27
-96
-92
-54
-36
-1
50
-18
95
28
-51
-86
-47
20
-77
-53
-37
-79
51
3
62
61
-31
-38
-77
-17
74
-67
38
-91
-78
17
82
68
-43
-16
68
78
53
83
19
8
-9
-34
-17
-57
-93
-94
74
71
-20
-7
-32
-21
71
100
40
-12
22
-21
-58
72
-48
38
-72
-100
-72
22
44
-24
-84
-98
-63
-90
-77
-39
-95
-95
43
-92
93
-77
-28
-10
70
70
-60
-28
40
-4
-68
35
91
-97
-77
-81
82
52
-21
-99
-51
40
-80
16
-82
87
-20
91
-22
97
89
95
30
-36
-8
93
-93
-38
37
76
-53
62
-56
-56
-85
52
-92
-62
-25
26
90
59
-86
48
-93
-82
-49
-30
-60
31
-14
8
37
59
-10
9
61
-24
-99
-27
27
-83
37
32
1
-15
-18
-7
-100
94
15
67
-2
-3
-81
-87
-24
12
-96
21
99
90
39
-98
60
-39
-22
41
90
53
-64
4
86
86
12
-91
-2
64
-45
84
60
10
-17
-78
-61
-46
-76
5
-33
31
5
53
49
56
-42
-67
6
55
-5
8
-15
91
-13
98
-45
87
50
-85
-99
73
15
84
-75
70
56
39
35
87
45
54
88
32
-61
79
50
82
95
-11
-95
95
-16
99
7
33
-31
-56
69
19
-29
93
-41
-44
14
-93
89
42
-4
-30
76
-65
-8
11
55
-64
72
38
31
-49
94
86
55
70
-7
-31
46
29
72
60
37
37
75
-75
-25
31
18
57
-23
59
-10
64
98
-92
-44
-82
-95
76
69
14
-86
29
5
25
33
-78
-42
49
72
9
-57
-19
-93
-22
94
80
29
56
-66
-47
11
31
46
29
-79
74
34
-72
31
-43
-66
66
-20
36
-17
-27
76
12
100
-41
-100
11
11
-70
-31
52
44
-20
-5
7
62
17
-40
-86
47
62
72
58
-100
-56
100
-74
55
63
8
-41
-100
13
50
-47
22
-17
77
92
54
-75
97
46
95
92
-81
-69
-74
-96
-42
-61
-37
-100
51
-46
28
90
-6
22
-19
-23
2
100
-100
-22
73
93
-79
-56
27
-68
10
-49
-9
47
-1
-11
-74
93
25
-72
-82
60
91
39
-78
-42
-10
68
-39
-81
-29
54
-36
-92
17
-36
18
-23
25
14
8
1
-11
-14
-87
77
-95
-35
60
81
26
85
91
25
2
93
99
-66
-84
49
79
7
-38
-78
43
-95
30
37
-76
-22
56
5
-3
61
-58
15
63
12
78
-3
50
71
-10
-95
37
-38
-32
-52
28
40
90
57
-12
-10
70
73
-65
76
-87
-79
13
67
13
-64
-23
-80
-93
-89
97
59
-87
63
75
-99
-56
24
13
29
24
84
-92
-63
27
-38
-54
-78
-97
-100
-32
-29
-22
-42
94
52
95
-12
62
20
-39
22
40
-91
-80
52
-33
-65
-8
69
-47
-78
-51
5
85
13
-24
13
-74
-26
69
-50
-59
47
-71
-53
43
21
-39
-99
-8
22
93
27
-73
-66
86
69
1
-89
63
88
43
-34
69
98
16
-100
47
-25
-81
-19
31
75
45
-82
-11
-91
89
85
55
-43
-80
-91
4
-88
21
-65
3
94
19
25
7
24
7
-67
53
69
53
88
-55
56
15
97
-80
46
-77
56
-34
62
60
-84
79
57
42
-1
-42
33
43
-99
9
30
-90
16
-30
-53
-29
88
15
56
-94
52
16
-99
-92
86
-67
-99
41
-28
-2
-99
16
-33
100
-96
-28
-28
100
68
49
-52
62
-1
-41
-70
74
-35
12
95
-55
85
-43
-100
-16
45
8
22
45
-80
88
-63
-6
-53
93
100
-63
53
-28
8
23
-84
-68
-54
84
-89
47
4
-76
71
5
-24
55
-52
93
-6
-39
19
-78
28
33
-70
8
-17
24
34
-23
52
43
69
89
-95
-61
15
88
15
-38
29
75
-16
71
47
47
36
55
-90
16
87
-6
-74
-97
-58
90
-62
88
2
-57
-63
59
33
-66
66
16
-2
-38
32
29
83
-25
-61
-57
96
13
-75
-32
77
-52
94
48
97
68
-97
-39
50
-13
-17
23
42
40
-26
-87
33
-11
-18
48
-33
78
33
56
-75
-55
85
70
-87
62
-21
-24
39
42
52
17
37
58
68
21
43
-31
67
61
96
46
38
-62
30
64
28
-19
-71
79
-78
13
40
-26
-21
56
-36
-84
-40
56
43
34
62
-19
15
-97
66
-99
65
64
63
24
100
18
19
100
95
-61
-96
14
84
12
-60
11
31
-89
-5
90
-48
58
39
-46
37
52
-5
-77
65
-12
77
-14
6
-73
-27
53
84
83
-93
5
69
-24
-32
43
35
-75
-86
-3
-90
-69
-63
65
-74
-98
-91
66
-93
-96
-72
18
76
55
78
87
-17
-34
-1
-1
-35
-66
3
18
37
98
69
-28
-65
82
-56
14
89
-63
65
-63
46
-67
43
-63
-88
-85
-99
-14
97
92
5
52
-98
-9
-17
5
3
60
-70
60
-10
-67
20
-30
-60
99
36
-20
-80
-68
22
80
59
62
-27
-16
-21
-93
35
-18
24
40
-66
22
-80
-16
-58
-42
4
-72
33
86
-38
88
-99
-31
-67
-8
51
-85
-47
-18
-17
-16
82
49
96
-50
96
45
-43
-94
-37
18
52
45
-24
-70
49
56
-6
10
-90
-88
-16
-82
19
11
50
57
-70
-16
91
3
-35
99
-39
-20
-65
-68
-75
-83
32
98
-88
40
100
-29
-65
-48
-21
-48
-37
-86
-36
44
72
-76
-33
33
43
-4
33
-72
-2
-72
-98
-58
-78
-24
35
60
39
-15
95
73
32
-50
86
-18
8
-20
28
58
-56
31
53
62
-96
61
-19
47
-40
-12
41
-73
77
42
-60
-69
-34
-50
90
-21
8
51
-50
47
90
57
-15
97
37
25
17
43
-32
3
26
-79
94
81
-49
40
32
42
-90
19
-84
-70
-18
82
98
-39
12
-81
-41
23
-82
-40
21
4
68
-38
99
6
3
64
67
7
10
53
1
-55
99
-28
48
-21
-52
-59
-1
-76
47
19
-51
79
41
-63
42
-89
94
9
-11
41
-24
-22
88
-51
-33
4
-63
-35
-88
-54
81
-25
84
97
40
-31
-77
-34
97
89
21
62
-75
-15
-96
79
90
-24
97
60
81
-70
-39
-41
51
37
-70
-31
22
4
52
11
18
93
-99
76
7
-68
12
-39
-92
-45
45
-4
85
25
-69
-87
-26
63
-100
18
-84
15
-76
12
-41
-16
-95
-50
47
31
10
57
66
-2
41
61
87
66
46
-44
74
-27
73
-70
-54
44
-9
78
71
91
-44
28
32
21
49
-55
-29
16
-75
-90
9
-97
88
-7
-63
-66
-26
85
-71
-13
49
-17
91
-75
-42
59
10
88
37
20
-68
90
-75
-34
-72
69
-16
30
-54
-81
79
-2
78
12
57
11
-35
21
-58
-52
-4
-80
-81
51
22
43
-40
73
66
64
-38
-62
7
-51
-3
64
-94
-20
-95
-7
91
78
-46
-35
-90
-79
68
88
-39
-8
-92
30
13
-50
81
-88
-16
66
44
47
77
-92
54
-16
-87
-98
-44
-3
3
-92
-59
26
-24
13
87
-14
94
-46
-74
-36
55
38
-92
-46
73
-20
17
46
59
-65
89
89
-13
-72
-99
-91
-64
79
-40
64
94
-13
-45
-90
-50
-65
80
-59
-28
8
-4
88
36
15
35
-29
65
65
27
-72
58
-91
62
-83
-4
-51
5
-26
36
5
-82
-23
75
-70
-21
-62
53
-95
-15
-19
-59
60
45
-4
-84
42
-98
75
-18
51
-44
93
-79
7
21
39
-69
64
25
-29
-32
91
59
-33
72
14
11
-52
13
11
65
-89
23
-77
-69
65
26
56
-6
-6
-9
-45
-37
-48
-100
-74
-95
-68
12
100
91
26
27
27
77
-13
-57
21
-65
-100
43
-4
64
71
-48
14
4
5
99
-55
-10
21
-12
-27
-33
-36
-67
-64
74
73
2
43
99
26
73
18
-90
-48
-59
-47
-82
25
-91
31
-37
26
50
-80
-31
16
23
68
36
-100
-31
-85
18
73
-13
68
-6
20
-78
23
-49
88
55
-30
11
-16
-71
63
-33
-60
7
-48
30
25
93
-17
75
75
4
-60
-94
-33
-5
-93
-67
-74
-7
84
13
47
91
-60
-4
-69
19
57
23
-7
-89
39
-53
73
-66
73
23
-81
-15
-31
28
-19
95
-26
-87
59
-5
-100
35
-9
-68
-45
-39
79
70
21
-47
-12
-94
-88
-56
8
-14
-32
84
11
-77
-41
48
76
-76
-19
64
-42
45
-30
-14
34
93
-98
25
-68
73
-35
-51
61
94
-17
11
79
23
76
-24
94
-81
-37
93
83
60
5
-59
-45
-69
76
93
96
98
64
26
-3
81
-98
44
-1
-100
-81
-40
82
48
75
38
37
76
15
6
-24
60
-56
-80
-60
-65
31
-7
69
63
-75
-10
-58
26
38
-97
-35
-69
86
89
64
90
58
43
-99
21
-93
-24
97
-62
-88
-74
68
48
-69
-17
44
-46
34
-17
-51
-56
59
-68
-86
-8
88
-77
4
22
10
-89
-80
-11
-55
68
92
70
86
-79
73
-3
61
67
40
2
-89
-63
69
-13
48
-14
13
75
100
-34
-77
92
79
-7
2
-10
15
-74
-30
-76
-8
-78
18
-39
-87
79
-50
-32
89
29
78
-34
-78
13
37
-39
-45
75
-62
90
57
-49
-14
-92
12
6
-65
-97
4
-13
-18
-81
-49
-93
31
79
-48
99
24
84
-75
-66
-35
-80
-48
-91
-98
49
78
56
-61
-74
-92
-63
-41
-52
-40
59
-7
-50
46
56
-77
3
-64
5
-71
-99
11
-68
-70
-69
76
-20
98
16
-7
-8
65
100
65
-40
-10
-100
92
69
-57
29
-41
89
21
-23
18
-77
22
-9
-25
-43
-57
-73
22
32
55
-96
-16
-6
-44
-90
-100
45
-39
72
93
88
-17
-27
97
33
-15
-80
2
15
3
-100
-100
-17
-45
14
61
21
98
71
-25
-11
51
86
-2
-40
53
-74
67
78
-3
53
41
19
15
98
-24
23
-76
4
-35
46
96
-47
-72
-88
25
-64
77
1
60
70
50
54
28
-49
-73
-15
48
20
-16
52
53
30
85
-92
33
-1
51
18
96
-74
95
60
-24
-67
-1
-35
-89
-34
-73
-48
75
91
-33
35
-8
70
86
-66
-69
-74
-15
-35
95
17
-51
70
83
-71
2
18
23
-84
-53
-87
14
-12
-90
9
86
-37
-98
95
12
-12
57
-50
67
-54
-8
85
-75
68
52
96
-27
-62
97
-47
-6
11
17
-43
84
-49
59
99
94
3
58
-43
98
-33
47
3
74
35
-83
19
-80
-16
-25
8
58
-51
71
99
-23
45
-84
-59
31
-9
-51
-43
-62
47
33
-58
-79
40
-2
-46
-89
9
-86
-24
43
56
-25
80
-15
-37
-77
97
51
62
73
-78
62
59
-82
-90
-30
-32
-80
60
-53
-28
73
-44
44
-45
-90
-81
17
-46
77
39
-85
53
99
9
55
23
38
-15
-43
87
-1
1
53
86
-26
-93
-64
26
-18
55
74
74
3
60
37
-70
3
-71
69
96
-11
-61
-100
13
9
-2
-34
-89
19
-26
-94
80
54
-30
73
-15
-37
-70
-69
-26
-93
22
8
-47
30
73
-48
-77
30
-82
96
72
-68
-99
2
-10
76
22
-70
60
87
-52
-86
95
63
53
-22
43
-36
-84
58
-58
81
-60
-4
-97
-85
-76
-69
82
26
28
-89
66
-80
22
-77
-27
51
-90
-60
-11
7
1
13
-11
1
46
-40
-73
72
-75
68
-58
98
-58
-72
17
94
-63
27
17
15
60
81
-65
-17
-5
77
-6
-99
-49
100
83
98
99
-81
95
78
-84
91
55
-2
90
83
-53
-53
8
-12
-54
-21
68
42
-5
-59
-95
-42
-36
-38
-23
-55
-86
99
42
-30
-62
89
-9
17
3
83
-10
67
-15
-29
5
-38
28
9
-28
-82
-30
-1
41
-15
80
-80
-16
-63
-64
-73
-75
-42
-7
-73
42
42
80
10
-66
63
-56
-4
-51
3
28
-3
58
-73
-99
-38
12
-61
75
57
3
-43
-60
-22
-57
73
26
-52
-47
27
20
-17
-98
73
-79
-74
-42
-5
50
-95
-43
-8
71
21
97
97
90
96
10
61
-24
-54
-37
29
-4
64
92
-82
87
-100
86
91
51
72
67
55
3
-56
4
33
-44
63
-16
-31
-42
-61
-31
48
18
88
-62
30
-18
35
6
23
-96
6
-18
-17
22
-9
14
-77
-56
62
-81
-52
66
-54
87
55
-43
88
60
-77
-32
-60
-100
-18
29
-96
-44
-100
47
17
-77
-58
54
8
7
-83
33
91
-53
12
17
83
-19
-42
58
-41
30
-72
-87
-60
-38
-23
92
-69
-27
17
14
-68
-81
-63
10
95
77
-29
-44
85
-67
41
78
51
-19
-74
-91
-46
90
7
73
-25
-57
18
32
14
82
87
-50
-94
67
5
31
43
-3
12
-83
-64
-27
-36
60
97
71
-97
-13
-36
28
2
85
-80
-40
-22
73
96
70
-55
93
17
42
-55
-54
-5
15
100
94
44
3
-27
89
30
77
-50
47
14
74
21
82
-54
86
-81
-82
-31
81
-10
63
28
7
91
-18
24
-83
-87
20
-52
13
83
94
23
24
-20
-75
16
-25
98
-47
65
-30
-62
38
6
24
26
-23
-34
-64
-27
-89
-61
-86
52
93
73
-74
-22
18
68
-34
-77
-31
-97
-58
-11
-4
-37
-17
54
-87
-95
-68
-39
-13
-69
22
-86
-42
59
6
37
-63
57
98
42
31
28
2
-92
33
-26
-95
38
-30
-72
77
1
-47
92
76
-79
-2
-94
-39
31
50
-3
-12
90
-56
-74
41
-47
-30
6
-99
28
-47
43
-76
-79
-65
50
99
97
84
44
-89
-62
62
7
-98
74
-88
86
25
-8
57
37
-19
-66
11
74
-96
41
-74
-74
-40
42
90
-13
-22
30
-79
-2
24
39
-58
76
-96
-76
-3
-91
-44
-46
26
9
53
32
4
-37
-2
5
-53
-87
41
-69
-69
-32
-100
36
71
-55
-81
-28
35
-29
-4
-85
33
79
30
-49
-64
-79
-25
-92
9
-68
-65
59
97
-69
27
71
-28
-47
97
-30
60
24
-99
30
56
-68
100
42
55
-39
-70
-76
-8
-5
69
-53
75
-95
28
79
-3
43
34
57
20
-60
-20
86
-38
-40
27
-82
90
36
94
74
25
1
45
-43
-48
-97
-94
33
31
-56
-5
-20
53
-70
29
-40
44
87
42
98
-16
87
80
-25
-10
-39
-14
-60
61
67
-80
65
-100
99
90
31
-60
91
12
80
16
44
100
-36
-46
-1
-50
16
72
23
-17
-14
37
31
-77
-56
38
-23
-58
-52
87
-80
-20
-6
68
-90
70
54
-83
46
-24
9
-95
35
41
-75
-23
-21
86
-76
-67
-60
56
34
-43
-40
-7
-83
-87
24
47
-56
31
45
6
-99
15
-68
18
-84
-67
-47
-50
-16
-31
-58
2
-81
-83
73
75
75
78
69
48
-61
-33
-31
27
-81
-34
-59
6
-20
57
-52
60
-92
-36
99
-77
-85
-5
13
27
-14
-37
-37
-64
63
24
1
-31
-96
-22
-31
-31
-96
-70
-17
39
-100
82
-66
98
-33
-95
80
-46
87
-99
-39
-15
88
65
-17
-66
35
59
-89
-41
-18
50
91
-70
-46
2
-81
99
49
57
-70
84
-50
81
33
-70
18
-54
-32
-41
32
-34
-56
-43
-4
6
98
15
-16
34
-26
-25
64
21
73
30
50
-90
-51
-89
63
40
49
59
-84
65
-42
-5
-13
-89
-63
-12
19
-49
73
60
-2
51
87
97
87
-14
-36
-10
-59
55
32
-88
-63
16
60
-42
-13
47
-39
-50
-83
-100
68
-86
-68
-30
-37
88
23
27
-4
-76
-9
-99
-42
56
-10
-70
96
-54
30
-93
8
7
-58
-58
11
18
-66
-27
-26
-83
13
98
-42
-92
-60
8
-32
-39
-28
-86
56
51
57
40
74
3
-33
-3
27
-49
-7
-54
6
-84
93
-85
-32
49
-42
-11
83
80
88
-60
42
67
38
89
75
24
-94
1
93
-23
-43
-69
-82
-67
36
74
98
48
-84
-64
-70
-28
98
-44
-82
-80
22
54
9
-34
-53
12
-38
-16
-63
-69
-47
58
-92
5
-49
99
-91
99
54
27
71
-62
-100
20
75
-92
-80
22
-29
5
-54
62
11
-95
-95
21
41
-38
-18
66
-51
-4
15
95
1
44
64
56
19
53
83
-49
6
88
-40
-49
14
99
-2
-60
-63
-69
39
-71
59
87
-71
-41
49
-29
-66
-35
52
74
-85
66
58
-100
-71
12
72
7
-33
57
-10
73
-84
22
-48
-67
24
91
55
-16
-85
98
23
86
28
-72
14
-94
27
-26
15
-40
-70
58
-82
-67
-61
-19
-33
-21
64
-80
26
85
61
59
43
-23
-11
73
-21
-96
-34
-89
-29
-51
93
52
55
35
-43
95
-82
38
39
89
53
-90
90
28
67
13
-95
-53
61
77
-88
-77
-33
4
63
69
-22
-24
48
42
98
43
-58
3
-29
93
52
46
6
-93
-77
-55
22
-31
-54
47
-89
88
-86
-20
13
66
-56
-84
82
10
89
30
84
-31
-90
71
20
40
-93
-66
-23
-71
-55
-75
-88
83
-64
-79
72
22
-57
-53
-58
-11
54
41
-73
-83
-11
34
-75
99
-77
-39
91
24
-2
-63
-68
-72
47
40
-56
-81
80
2
14
-63
85
-7
63
100
63
-84
49
-51
75
-30
-62
59
-16
35
-95
78
45
68
-74
-13
-51
-86
-57
86
-93
24
-6
-62
99
-65
-89
32
62
-56
-23
-75
95
95
-77
-47
-41
-8
-38
-76
-37
-69
13
33
56
-73
83
37
56
86
-12
-5
-32
53
-19
-7
-68
-67
18
79
20
-66
-70
66
27
75
5
-31
-95
-44
-52
81
-88
-7
5
-87
99
57
18
-99
-57
36
5
35
89
76
95
85
-44
-62
60
-71
64
79
16
62
-56
90
-82
96
50
-6
-17
-84
76
-69
-4
19
55
-65
41
-34
80
-32
83
6
-79
49
59
-56
88
-82
-50
29
85
55
-89
82
-16
-51
79
-2
96
78
30
23
49
-63
58
69
-9
13
92
70
9
-17
30
-64
-12
69
-56
68
4
42
-4
36
66
2
82
54
46
69
-3
98
-25
53
-80
22
21
71
-72
4
-29
80
-94
-91
-25
-75
82
44
64
29
-45
60
-16
-22
42
69
-16
-39
-58
30
79
-39
-13
70
64
-29
82
63
33
-50
93
-5
18
-28
74
-70
49
59
-46
7
38
-83
30
-96
56
-60
-87
35
-78
84
86
15
88
-90
-27
-58
-50
-18
-13
60
-22
-29
29
28
34
-37
-19
47
-47
50
-8
-44
79
-90
-87
-1
-22
-79
16
-32
86
-90
73
-12
77
74
53
-40
18
74
-99
27
2
-94
-42
57
-69
-93
6
14
-38
-2
-89
67
44
-65
75
11
-70
-80
29
96
26
99
-77
93
-55
-11
36
-4
-74
57
95
-96
40
-31
72
-8
-40
64
27
9
-17
64
-70
-40
-75
-100
-37
27
-1
21
4
-96
-57
-45
-48
-26
-29
-82
-49
27
57
18
65
28
-50
18
18
72
53
-16
5
74
-4
-14
5
-74
-54
-82
-13
-56
-41
29
-72
59
57
-43
18
79
15
16
-73
-47
-22
38
22
45
-31
-36
-76
64
-13
-34
29
-95
-2
95
44
-74
-26
-2
-12
55
-25
-37
89
-31
7
-30
88
-72
93
-36
54
-57
54
59
3
48
6
37
41
-56
48
60
36
-69
28
-85
-98
-4
-28
-90
-51
32
-83
-22
61
-51
-81
55
87
65
92
47
75
-10
28
93
-16
100
30
-55
-26
67
-27
-46
-5
69
-75
-3
22
79
-17
16
39
22
97
21
-28
-96
100
-75
47
77
34
24
93
-62
-64
72
36
-71
37
97
70
-23
-68
51
32
7
-57
79
74
1
-9
37
83
41
-99
15
75
-10
-77
18
-87
61
-48
-2
-78
-17
-93
21
49
24
17
10
-12
-82
33
-63
-11
-14
20
52
43
15
-66
5
-15
61
-58
29
-5
44
1
-38
35
-34
-13
47
57
7
-36
-26
29
86
35
97
91
60
82
-83
31
-67
48
69
-89
63
94
69
-77
36
-84
23
18
-42
6
82
85
82
-94
53
83
-59
-92
-96
-71
-96
-39
19
-39
39
13
-71
61
88
66
41
70
-96
33
80
83
81
-43
4
-29
-24
-38
-89
-23
16
-77
9
-81
38
-70
-10
85
15
46
-25
54
-70
82
-53
-57
-11
-17
74
44
25
-44
82
-83
47
-30
-46
28
49
35
-34
-48
-41
7
-28
-56
67
33
30
83
-40
-62
83
-34
-75
-10
-73
86
-16
24
37
-54
90
67
35
0
