79
-62
42
-46
92
70
64
-61
-69
41
-38
-16
93
54
53
16
-93
-65
-32
-53
26
-59
38
-22
-99
39
94
32
-61
-55
-21
-51
-46
-12
68
-56
-22
-14
-39
-22
-19
18
-5
31
-14
-55
36
-51
98
-72
19
58
-54
80
51
-89
-8
56
10
-55
-35
-55
-25
96
-26
28
-69
-53
6
88
-58
45
14
-34
83
66
100
-82
43
-88
77
36
44
-78
23
-45
-11
-33
-10
-28
-61
-65
78
-27
-22
64
-10
18
98
-36
8
-93
-68
89
-67
-20
-87
-21
75
-30
-3
77
34
19
-60
-88
-45
-34
-12
23
78
35
88
-65
-71
85
-57
33
12
-92
75
58
39
-53
-54
17
22
36
79
-94
5
-96
-90
83
-6
16
86
-43
13
16
75
-80
-98
-89
-77
40
-33
80
-57
-94
-40
-96
17
89
38
-11
-20
10
-53
-81
23
-98
-54
2
73
20
87
-2
55
39
30
43
43
26
13
-9
-64
-19
63
-80
-48
95
19
-6
77
-76
73
-9
-82
-100
-22
17
82
-95
44
40
-2
5
-73
60
-97
79
93
25
-25
64
95
-32
29
-33
4
34
83
-48
-49
-80
95
6
19
-79
-84
88
-90
48
44
12
-47
-83
87
-80
-10
92
-54
18
-20
-80
-91
93
90
-14
-4
-55
80
100
54
-53
-94
-59
-50
-43
40
50
17
51
-21
-69
53
17
-1
4
27
-31
98
13
93
-100
35
-71
-50
-21
73
-19
-91
-20
44
-75
57
38
-48
-96
-36
62
80
47
7
52
17
88
-69
-24
73
-61
-23
47
25
-73
-48
-21
57
100
5
-52
8
-74
32
-37
63
12
57
65
-37
-47
37
36
-37
-62
74
-65
-78
-12
19
-84
-43
-9
-59
-41
40
3
41
23
94
65
23
78
50
39
16
-30
-84
24
-27
16
-42
63
-60
28
16
-70
-68
44
-93
49
-43
-45
45
7
4
-47
9
58
27
1
-56
-64
30
-1
-53
36
40
33
-48
-44
-48
-39
27
67
-99
33
-65
52
88
-10
4
-88
-11
-5
-84
17
66
33
28
87
-1
5
-40
-22
3
-67
93
20
3
36
-51
69
-36
91
40
-41
-100
2
-6
-32
99
-9
-53
5
-24
96
18
-70
-79
-92
-56
-40
-44
-3
-89
30
-13
-93
7
-3
-83
-86
-27
-15
-93
-41
-17
-9
21
-80
-3
-9
-73
55
-78
78
15
46
4
13
-20
-50
25
54
83
-36
3
-36
-60
-74
-40
-89
-46
93
-6
-52
-89
-20
-5
-91
54
-79
-72
-58
-4
-41
54
38
25
31
-74
56
98
-37
97
72
-65
53
100
30
-89
-99
33
-8
43
91
10
-38
16
-11
-23
38
38
-83
-71
-20
-66
17
-92
-7
16
38
24
74
-50
-41
-69
-30
-80
-63
-77
46
78
-29
68
-69
55
39
-13
9
48
38
-17
1
-8
58
-56
-65
-73
-60
53
-92
22
-33
96
78
66
15
76
-86
90
-78
46
62
-75
99
-65
-78
100
-20
41
-63
17
-67
21
64
40
-30
-37
-17
56
-15
-55
-14
49
-83
-48
69
-10
-20
46
-41
98
61
91
51
59
8
78
43
89
85
23
-28
85
87
16
50
38
-17
-86
85
18
-45
100
-23
7
55
59
-44
65
-20
-95
49
3
-93
11
-80
82
9
-92
-45
93
-56
-39
85
-25
5
23
2
38
-59
-21
97
-74
21
-76
-41
8
-7
34
79
-52
76
-96
-8
37
93
51
82
-22
-31
-42
-42
-75
-55
-55
11
64
-70
-31
78
21
87
-10
12
-37
46
-82
57
73
-80
42
-59
54
-92
-41
87
-56
-62
-41
-100
-96
-74
-9
-80
15
-2
48
64
-78
-99
-77
3
-73
67
-46
85
-5
56
-41
-24
-3
-53
79
-69
-34
-85
7
-16
28
96
-84
-92
-19
76
-99
-49
48
-4
2
15
90
46
-91
55
-99
53
-64
5
-37
70
-5
37
-53
-83
56
9
14
40
76
-68
45
53
-89
-92
-98
43
-50
91
-99
-39
-60
-6
35
29
-68
44
7
32
-78
65
-19
72
56
-43
67
73
44
-54
36
-2
-32
57
-75
53
86
31
-75
-33
-74
86
-97
-71
65
17
-45
-2
65
11
61
19
20
51
-96
60
94
49
-66
14
-3
-35
-25
-27
47
-38
80
86
-81
-14
34
54
-33
45
-60
86
51
-95
42
-25
73
-98
48
63
-10
-57
-36
55
36
-96
66
-19
-54
-91
14
-22
-79
86
49
-91
3
-20
-66
89
9
-49
82
-80
-31
78
-12
82
90
63
-1
-95
-64
81
77
51
-96
-49
89
99
13
63
69
-48
17
-100
90
53
13
-69
92
-16
-76
-45
86
-80
12
32
78
-60
41
72
-88
-63
-2
18
18
59
69
-48
-19
-72
-45
45
-81
-23
-30
46
-69
83
-43
79
48
-24
61
72
-12
78
5
-49
32
3
-70
-50
91
-91
91
23
68
-23
-58
46
92
-26
-27
-60
-61
-57
45
93
-53
98
-2
7
-41
74
95
-79
86
97
73
5
-12
65
76
84
38
68
-37
37
-100
-24
-35
-40
54
51
57
-11
24
56
49
79
-90
43
-11
96
-47
25
49
-63
-96
78
-29
58
-9
-56
-93
-53
-100
-56
-49
3
-48
-76
-75
6
18
3
89
8
75
18
-9
-97
49
-28
-67
33
-74
91
47
50
-62
-26
98
78
-35
13
-35
-79
-96
-50
-84
-47
85
-91
-73
39
-83
-49
-47
24
49
-61
30
-69
9
58
-38
-39
-64
-92
-46
80
-80
-68
31
-49
7
20
-95
84
94
96
-37
-8
-64
5
48
51
73
100
38
51
-62
31
100
66
-13
49
68
-68
49
9
-65
-1
-92
-17
-25
-32
99
-61
93
-9
-3
-42
-10
-3
-31
-36
78
74
-83
79
82
95
-2
-11
72
-86
-93
-54
-99
38
88
-99
-34
-89
67
13
-46
-87
34
97
98
-84
100
76
-29
74
-66
51
40
-5
24
-61
-74
65
-66
8
-47
24
-15
-7
-55
13
-97
-45
2
-73
-71
35
77
3
65
87
71
42
6
78
68
-59
27
36
-80
27
70
-57
71
94
-5
-36
17
55
-44
-75
-2
-43
35
-57
-68
43
-26
-6
50
-93
-83
-56
14
-89
50
-93
-86
58
63
-24
-98
-2
70
2
37
-49
-82
-18
82
-21
-94
-60
29
-45
68
-60
-65
88
-98
83
93
-49
-36
-1
-50
34
-13
-34
-93
-100
-29
1
-2
16
-31
76
-52
38
-8
8
45
-59
-13
26
-29
-25
61
22
-16
42
-59
20
30
13
-81
52
5
81
92
7
-70
-60
-88
-77
-74
-27
-50
-29
-48
-20
33
91
-39
96
10
33
15
-51
2
5
-75
-71
61
45
25
38
-64
-58
44
55
17
19
-17
41
-65
-65
-44
86
14
77
-13
-5
-35
60
-74
-95
-74
-75
70
79
18
31
17
46
93
-71
1
26
-68
67
34
31
-76
80
-50
-82
47
-48
28
-78
75
-100
-80
98
11
54
17
-61
-66
64
-14
-64
85
42
-30
-14
-98
20
-30
8
-1
9
-55
-23
35
-49
-37
3
13
50
-22
-45
-97
-55
-97
94
-47
-43
5
-86
42
-90
59
-96
-87
-46
74
12
-1
-90
-34
13
96
-88
53
-87
18
24
-69
38
100
-31
26
-87
-11
-47
-34
-43
-58
88
-86
-1
41
-41
-88
-15
17
47
-50
-83
-78
-91
1
-58
38
-93
-52
73
30
-26
-83
51
-76
93
-64
-37
-15
95
-62
-16
46
-27
-53
-56
30
-48
-86
34
55
99
69
-15
-12
20
-50
-3
-40
-33
-45
-83
22
-81
-93
-59
-91
-88
20
-85
-86
27
-91
57
-60
6
78
-21
-24
-8
3
80
70
59
-41
36
11
57
88
9
-33
-56
-72
66
6
-40
-5
67
3
-62
-50
-58
-43
26
-17
-39
1
-51
-58
79
73
82
94
61
-48
-7
22
-88
56
-43
-14
81
47
-96
42
84
6
-83
-62
-8
-40
38
-48
-14
72
-25
90
-21
-65
45
78
39
-41
-89
-53
-7
-88
-46
71
-65
6
27
-97
-98
-19
43
47
21
98
-99
71
62
42
56
-86
-56
-78
82
41
-18
-45
8
-13
62
51
72
-80
29
-5
-87
-66
12
-29
43
-11
-49
17
11
67
89
95
-68
-28
-58
-85
-28
49
43
-84
90
39
-16
45
-6
3
67
71
-15
100
-60
-98
-93
46
13
-91
22
-24
-35
-6
-64
53
-22
-54
-78
97
-90
48
41
36
81
-24
8
47
23
94
-85
10
-52
53
18
64
-80
56
-47
-39
30
-42
-82
-55
98
-26
-68
-78
-28
54
83
-26
19
63
22
72
-56
-96
-62
-26
23
-93
-3
-31
-72
5
95
31
-28
37
37
48
93
39
-94
-53
33
58
-12
27
63
-93
81
-43
66
-24
15
-85
1
99
-81
69
98
-36
-5
37
-76
44
-21
2
31
-80
-59
92
4
-69
-21
59
-56
-72
4
89
91
-63
-67
55
84
5
-45
-95
-91
31
-63
-29
94
81
22
43
-86
-56
-41
42
76
26
-98
-4
76
39
49
-42
74
29
-55
2
37
67
-86
-31
-5
57
-7
69
38
4
-43
-55
-100
-35
85
-74
-51
75
87
-35
-47
-59
-33
6
-23
81
7
28
24
-33
65
13
52
97
-84
-4
-57
-35
-98
23
54
-56
42
-89
-61
42
-14
18
-25
-47
75
-71
-93
10
-34
15
30
-35
31
15
-93
5
45
-40
-100
68
-79
47
-45
8
-82
-71
-52
-57
-51
71
99
36
58
22
79
-92
2
-93
67
-55
-67
52
-33
66
-8
-35
97
4
-42
85
62
-62
-49
-67
-37
-97
38
-22
-41
13
67
49
-59
-54
52
-43
-67
-54
-57
40
-71
-76
-86
81
-26
41
-55
33
-70
-95
96
38
33
59
21
-99
81
-26
-7
27
15
39
-85
-91
-16
-41
-47
-27
82
-59
51
49
94
-73
-9
-72
14
20
67
88
-100
88
53
-60
-67
79
63
10
-79
-39
-71
38
26
-29
9
-19
-89
-11
-62
-19
-10
23
-17
-26
-49
86
42
52
65
29
-65
48
-16
-75
-85
-44
34
-49
33
-49
8
-22
57
-46
-11
15
22
22
94
78
58
-79
-31
5
-68
-78
14
-91
-87
-33
-12
91
81
4
-88
92
-51
-46
51
-14
25
85
-54
-60
89
-60
-92
-43
34
-96
75
-27
-47
64
87
-72
36
11
61
99
-11
-88
-28
-67
-51
-37
62
-35
44
-22
-11
-5
-95
-45
58
72
-51
35
33
27
-95
-60
-63
3
49
41
-94
-74
-50
-35
10
-72
17
84
59
100
87
72
-71
71
-92
-37
89
57
-4
97
62
-54
62
30
25
94
28
-36
-100
-19
-73
-31
-12
14
5
-89
60
-71
-21
60
94
-89
2
99
31
-82
11
-99
-21
14
66
54
17
37
-83
-33
78
-96
97
-89
-90
25
-86
5
57
-98
61
25
-5
6
46
-67
27
-9
7
52
10
67
-9
-65
38
25
78
45
-4
79
-78
67
-83
-23
81
-93
96
-70
-58
98
46
-54
55
62
38
-58
3
-70
-92
-64
65
55
-4
47
-85
19
-44
44
14
-4
68
-71
2
91
-90
72
60
6
58
-15
66
81
-7
-4
23
-63
-77
-10
68
-30
71
56
-14
60
60
89
27
-46
11
-21
5
39
29
-34
85
-100
-91
49
-66
43
8
48
1
-54
2
7
-48
53
-88
-15
-41
97
-41
81
24
1
51
-62
62
53
71
-28
52
-15
33
-81
44
40
34
80
-59
68
94
-23
22
-34
-47
-41
-81
-40
78
100
-82
-42
34
-37
-46
-30
-81
16
63
42
27
63
-41
-15
-74
-80
21
56
-59
-66
85
77
-82
-100
58
-21
46
-27
-92
98
-49
-54
97
21
33
-26
-19
96
-84
70
82
16
-12
-52
51
93
14
-97
29
88
19
59
36
-63
-55
74
-40
29
3
18
-95
-55
76
62
-57
-11
-40
38
82
67
100
-76
58
73
-28
-51
-61
-20
94
-35
10
78
84
56
24
7
19
-55
-92
-13
-30
68
-68
97
-8
-69
-33
78
69
98
-29
-6
-3
100
81
30
91
28
1
-79
-3
-99
-67
78
-81
-81
29
18
-98
-24
-62
-75
-10
66
-24
24
-98
-94
51
-78
78
34
92
6
-84
31
-69
-96
-72
63
95
-84
34
34
94
88
-100
85
-13
100
-40
-63
56
83
-43
68
71
40
66
90
62
94
67
-91
-60
16
4
58
-85
-9
-75
-67
74
-14
-93
24
49
-49
57
-70
84
-8
-7
86
-13
-16
-26
-61
22
-29
47
51
95
50
67
-13
-68
-90
95
-45
86
-83
70
-67
71
90
52
-54
-24
-26
-41
-30
-89
-95
-6
65
4
90
14
-29
85
-14
-30
49
86
-96
34
-93
-64
-81
45
79
-49
-10
97
-65
89
-38
70
49
16
30
-75
-96
-100
-91
-6
56
-38
29
89
-63
50
5
-43
84
93
45
9
70
100
49
92
-70
74
19
89
-65
5
80
61
-28
39
-60
-63
-11
-89
-5
20
92
-75
75
-90
-41
81
82
16
-8
-63
-48
-15
-46
51
68
82
-31
-2
6
39
77
-67
20
68
12
-60
-100
-57
80
-37
10
37
-33
-97
-73
84
93
-82
-52
-27
37
12
-87
51
62
76
-67
-54
-47
16
42
-38
9
-31
26
-30
100
-30
46
-95
7
-57
-75
-66
-27
76
-11
25
-29
100
-91
-76
25
48
-75
49
-20
-15
37
66
-36
-19
-11
-11
54
-59
97
65
-7
-8
-53
-57
60
59
62
-57
76
-14
-20
68
29
4
22
-28
-37
52
-55
98
-1
67
-10
-43
-12
10
-45
-85
45
-81
84
-85
-98
-99
-36
47
-31
1
-40
-86
-15
64
-69
-7
100
13
-76
96
58
86
32
-32
-21
-55
-93
50
76
34
-51
-42
-39
4
32
32
19
67
-72
-48
-22
-64
-71
52
-4
23
-38
28
89
63
8
49
-66
73
-42
96
-68
-80
85
-16
-62
41
-9
-31
2
93
2
-98
-83
70
-22
43
68
8
2
94
-76
-82
57
-66
-97
-7
33
38
76
12
38
-65
-69
44
-57
-69
-7
-39
-52
55
-64
9
29
31
9
25
60
66
62
-35
-88
19
52
22
-66
94
12
68
35
-35
4
-31
-97
-9
45
-82
15
-75
70
-1
86
19
-90
12
9
-61
-97
-66
77
-7
-85
-20
2
-12
-70
-75
87
-68
-65
-22
-95
-86
-16
-45
-55
35
71
-97
4
-59
99
-70
-54
59
-65
-44
62
-87
22
-22
72
2
-92
58
50
2
64
-89
-45
1
75
-21
-90
-17
-39
-70
-75
23
-25
41
-64
46
-98
18
7
-90
-39
-62
42
-35
-28
18
70
23
93
-6
-32
71
100
-7
90
-67
-14
-67
-94
-23
34
-81
-71
-49
87
-12
52
11
-6
32
-3
82
-53
-2
-19
72
-98
-41
94
30
1
52
51
-72
-25
-54
9
58
-59
-21
27
-39
-2
-46
93
-41
-42
-68
-52
53
35
17
-83
94
-46
-75
-63
49
-67
16
-3
-45
-38
-77
25
-43
-9
-59
19
1
1
19
56
-11
86
52
-7
73
67
-58
-14
57
-32
-23
-77
-85
71
1
-47
45
-24
59
89
44
88
-98
38
79
-75
29
41
-39
-70
-59
26
-38
-23
-35
10
-6
58
-61
59
76
-61
12
81
-1
96
65
-40
15
-91
-31
-68
-54
25
-70
-5
52
-35
-6
17
44
-91
-72
34
-96
14
-45
31
-87
41
13
24
76
-31
81
31
-46
-94
66
61
-82
-79
44
-66
-82
67
-48
68
-14
15
-78
-30
-22
-11
41
-99
53
-65
27
-74
-98
98
-72
-68
-9
84
-68
-5
91
95
48
39
80
62
46
-25
3
-67
6
-91
-99
85
18
-23
40
38
-95
97
-80
22
-16
11
20
33
84
39
56
-75
-96
-10
-18
55
-13
-53
-22
16
-33
-65
-14
68
13
-99
68
-17
-90
68
-99
-38
-28
-64
-22
-27
8
-85
18
72
-2
-21
26
75
39
-73
20
80
9
96
-82
14
-62
47
93
-35
-93
-35
-31
-20
-15
-24
-7
12
-69
50
54
64
-70
-51
-100
89
-60
-53
43
71
67
67
-64
97
91
87
-71
10
78
-39
70
35
10
47
25
47
65
-55
-85
-63
36
70
5
47
-37
-22
-98
45
-82
36
83
-17
99
75
26
64
11
-51
17
47
89
-6
-79
76
-91
21
-100
-9
58
-41
-26
66
42
18
-32
-79
-48
-9
-39
84
-41
-35
73
-21
-64
44
-8
-48
66
-42
-2
65
-79
16
74
74
-69
11
-92
20
-95
-71
90
-91
-78
-96
-9
-99
-86
1
-49
-99
56
-40
-51
-88
-42
-77
-80
-47
-18
-27
-51
83
-81
68
75
-76
-83
61
-8
-36
-31
-97
-90
16
27
-68
-46
12
99
-65
-70
55
-78
37
91
36
-40
22
-49
56
93
2
88
52
-44
97
23
-20
-5
63
-1
66
53
98
-7
32
88
-28
62
9
69
-77
-45
-20
-72
-35
98
-80
-83
70
52
37
70
60
90
70
-75
-15
-19
57
76
-42
-53
100
12
69
53
73
-76
-56
65
-47
-82
-56
-89
-74
-27
-30
1
55
36
-65
99
55
46
17
63
-23
50
8
90
25
-23
74
48
25
-57
-5
14
-52
-36
38
21
83
-99
52
86
-93
-69
-46
99
24
-32
-77
-98
61
69
70
-62
-23
33
-60
49
30
-13
-57
-18
-41
-65
-85
77
80
-74
-63
-89
-87
7
-51
-7
25
71
-26
-63
-64
74
42
82
-13
-94
-35
-3
-50
-18
-3
92
-68
-26
16
-80
-83
-72
89
-38
-60
-76
7
61
-58
14
27
27
-71
6
-51
-87
-75
-80
11
8
-70
60
-61
-72
35
3
-52
3
-99
-78
51
-85
-79
19
29
-13
95
37
19
-82
-60
-45
-7
-95
58
91
85
-30
-51
-47
92
-91
-52
-44
42
-55
80
54
9
-55
62
9
99
1
100
26
-65
16
-99
1
55
-41
89
2
-85
-95
-99
-32
44
48
28
94
68
89
84
-98
73
6
-32
-53
-69
-49
-45
48
-16
-49
41
77
-93
24
-94
84
11
91
-97
-12
56
53
-69
13
-18
-86
-60
-89
57
56
-74
-24
6
-36
-68
34
-9
-93
-87
-70
-4
-44
-44
40
-81
25
-69
-25
-18
84
41
92
69
63
95
73
4
17
-84
-78
-14
-56
92
-28
39
-97
98
94
-76
-23
-58
65
-81
64
55
4
82
-2
-62
-75
100
-14
37
88
-89
-55
9
41
57
12
78
8
62
56
-86
38
-97
-86
-97
-99
24
44
63
20
-23
51
-32
-86
-30
37
-14
-64
78
9
-51
-55
-65
-43
-27
65
-100
47
88
30
-39
-94
94
-78
32
-36
-14
-18
-87
19
46
-16
98
58
-34
-14
50
-87
78
-31
84
11
45
18
4
-50
41
-98
-50
-24
-67
-37
-64
81
22
56
29
61
15
-43
-53
-51
85
-63
-82
28
-88
7
-34
15
28
-91
-53
-9
42
77
3
-25
-51
95
-32
-41
17
-3
-9
78
41
-42
49
12
79
-7
10
59
-9
78
98
-79
23
-36
-94
-62
-23
11
2
-17
-10
-33
-87
-25
-68
38
27
15
91
-42
78
-34
-65
-97
-14
28
95
10
46
-25
35
-90
70
72
9
-41
-45
46
45
-56
-27
71
29
76
41
-21
34
15
-34
-19
-33
-33
-15
22
48
49
-43
87
76
93
-6
5
-28
1
-70
36
72
42
63
-51
32
34
-67
-15
44
74
-27
76
6
-22
-65
26
-8
-17
-29
98
-61
84
-68
33
-22
58
39
-81
25
61
47
-61
-20
19
93
50
36
90
55
12
76
75
67
-51
64
49
45
52
37
-11
11
18
15
-12
82
25
-66
-96
-49
27
25
-66
-46
62
57
-26
3
-95
37
-17
-47
-73
8
-83
53
89
-5
-90
-80
-6
-59
79
98
18
-78
-99
65
-77
36
-26
-99
-16
26
73
-63
-3
20
-90
-46
-63
-42
65
-24
36
-39
29
-95
-37
-46
-60
-36
84
-12
7
26
-5
-63
50
72
24
-99
82
39
-87
-13
10
35
48
75
65
4
67
83
-70
82
-99
-28
21
9
-9
55
51
-56
59
8
36
-21
62
-48
11
-59
-93
88
95
3
-53
-57
-22
-26
-23
-19
-99
21
55
-24
-32
-78
76
-25
-62
56
-98
-26
3
69
-77
93
1
63
1
68
-7
93
-67
25
24
-68
-5
4
-61
7
-21
16
73
15
-15
-99
64
96
-83
-83
-33
35
30
-31
48
94
-44
13
-83
-63
4
-92
61
64
68
-51
65
-66
-65
-78
58
1
83
72
-26
-6
-91
-28
23
-47
-50
-11
-42
-71
38
45
51
63
-60
9
-49
51
13
59
-14
-8
-95
-18
100
-38
-10
61
-76
-38
1
-6
-34
-97
13
-83
19
47
-37
18
-39
-45
42
-47
-89
-37
16
15
81
-35
-86
56
88
25
54
26
76
-37
-97
-11
-32
-34
-53
65
-72
-82
72
-21
37
-60
34
-28
-86
33
51
-21
-48
45
-19
6
-90
-13
-43
-14
89
42
-92
-33
-76
-73
38
35
78
-55
9
-93
100
-27
41
44
99
55
74
-58
3
25
-44
88
79
64
68
-98
48
54
79
84
-41
40
-73
2
60
83
-81
57
-52
71
-48
-24
82
60
55
-2
-43
93
8
-47
1
20
-68
14
25
-39
46
-64
87
-36
86
69
50
82
81
-61
7
92
-9
-20
-15
6
-56
66
-21
-24
10
-69
-14
83
57
96
71
-29
-33
-36
96
-10
48
20
-84
9
-28
-98
8
82
72
-54
-81
78
-68
-96
27
-15
32
24
80
-36
57
51
28
-7
-29
4
9
-87
11
24
3
74
23
-15
-48
44
89
47
-96
-67
-65
3
-84
-88
75
72
90
8
52
45
-47
-90
30
-92
-65
-100
-76
94
100
-92
100
48
59
-88
27
-62
46
-16
-95
-68
-9
8
11
-77
-63
-11
91
56
-59
-32
84
40
-23
47
12
89
-16
25
-16
-52
-70
68
40
69
-49
13
-70
-9
68
-36
62
26
-54
-50
46
11
-58
100
-46
-56
29
-25
1
5
16
-2
27
-26
-42
62
-1
-49
14
100
97
-15
-98
-6
92
-55
-91
-74
-93
77
-9
-77
99
56
-52
-58
-85
62
-29
10
34
69
-60
-77
18
64
-56
-45
-68
-70
76
-11
36
92
-75
-97
13
41
25
-29
-94
67
-85
-56
29
-18
-100
-62
22
-98
46
83
61
-72
99
33
50
97
79
26
46
-20
38
83
-52
51
-61
28
88
78
21
80
34
78
13
-13
-11
33
36
-82
-39
-29
-28
73
81
71
70
88
81
-68
79
-71
88
-72
21
-19
-71
12
71
53
-90
81
59
26
-66
47
23
58
-26
27
-29
34
63
79
38
53
-30
-42
-34
26
-79
97
-24
64
15
-35
-42
-41
-83
-74
-49
-39
-68
5
56
-13
-75
-83
-61
29
-44
-67
3
10
19
38
91
39
-14
9
-90
44
-34
39
27
-38
-8
-3
-66
-7
-69
-23
-76
88
-20
99
-45
-77
65
18
-38
59
31
-42
-98
-74
-83
57
-45
43
-61
33
60
-34
49
38
85
51
16
-13
68
72
6
-45
-7
-16
68
42
51
27
-14
-74
93
38
-53
-34
26
-55
36
-77
31
75
33
68
95
-48
6
36
79
-58
45
-2
36
-16
-3
-47
-12
74
-73
-96
84
-95
-34
13
-64
-16
99
-18
42
-85
6
-34
-63
-21
-77
67
-67
66
20
20
-77
-92
-21
41
-25
37
94
-52
3
45
-51
-33
90
57
-66
-93
-89
-74
-50
-8
21
-27
-94
-47
43
21
69
-13
35
-90
56
-46
-93
27
-20
88
-22
-59
-74
-45
-26
58
6
85
-31
70
18
7
8
-25
16
-96
3
-49
17
-57
-24
-84
-92
-11
92
-35
-88
45
86
32
-70
-84
1
-32
-57
77
20
69
-32
80
-18
-46
-88
-55
-59
33
-11
-99
-29
85
18
72
21
4
78
59
63
60
1
-39
38
67
-42
83
52
-90
-86
17
-91
-80
-41
-64
-24
44
-45
8
41
28
67
29
44
-65
33
-86
-79
-5
49
92
8
-63
20
-77
6
30
31
25
34
-100
-73
64
3
-54
29
97
55
84
-73
-23
-11
-53
-73
91
26
36
-11
-79
-81
73
19
96
4
5
-97
-39
-13
38
-48
-17
73
-36
-28
-26
-94
-59
71
-76
-95
-55
-2
-41
-60
-60
-4
-3
79
60
-18
51
-10
90
-66
24
55
-97
-81
19
-99
54
29
64
9
8
-12
19
-48
-96
49
-87
91
24
32
92
-9
-69
-4
76
-75
18
10
1
11
95
-50
-39
50
-2
-13
50
-56
-71
-33
-45
-76
11
19
-89
-58
85
15
50
27
-87
28
91
23
-13
-8
-74
5
-41
-87
-10
3
100
-55
36
-91
-8
-4
-12
-62
-1
70
-18
59
-80
13
2
-26
-90
86
-46
45
60
4
6
-5
31
42
71
68
-82
49
-18
61
-58
-96
-52
44
72
56
-19
63
-96
-26
-66
35
34
-26
55
78
-4
-95
95
60
57
60
-61
26
17
90
71
8
-53
-6
60
-37
9
-84
93
-21
-62
67
-97
35
-6
-66
-57
54
-44
76
36
-68
72
49
-98
66
57
-81
-18
-43
-49
-34
-40
-67
78
42
-7
-60
54
-46
-70
98
-33
47
10
-67
9
89
50
-70
59
-17
63
57
-21
-46
-4
17
-75
83
-63
85
38
84
88
-42
-71
66
-30
-28
85
-37
92
-91
26
-35
98
-7
47
-99
35
-95
92
34
-24
22
-34
-30
59
59
100
72
74
-56
75
3
-92
81
51
55
-12
-50
67
94
22
-62
13
-68
-47
82
-58
-50
-41
-19
57
-95
-63
98
-8
-81
-78
55
-40
-18
-98
31
-8
-20
-3
26
-42
-98
-66
-63
-58
-58
50
85
76
-75
-100
-34
5
90
24
29
-9
90
-88
-61
-35
42
43
94
2
-25
-68
1
-99
-6
-25
41
91
-71
69
87
-25
-66
36
-41
-82
-32
37
-60
-50
6
-71
-43
-62
-42
-48
-84
-11
63
85
-56
-77
62
98
45
-100
-83
22
-10
-90
-46
52
12
-75
83
76
42
43
-50
74
14
60
23
65
-99
-75
90
46
-72
-34
92
59
25
73
-86
15
-35
-81
-73
74
-74
46
33
-25
79
-54
-50
-80
-59
84
-53
89
-11
28
82
1
-42
43
3
-62
-12
-70
8
14
9
12
-77
9
86
-50
-56
39
-41
-2
49
47
36
66
-43
-33
29
-62
3
60
-69
-91
-69
25
52
-99
3
-87
-83
30
16
-5
-100
-89
84
56
-98
8
-21
9
100
45
-82
50
27
10
-66
88
14
33
-11
-69
-37
-29
36
-73
43
-4
-61
-63
32
-67
93
83
51
-4
77
89
2
33
98
28
-65
81
-95
85
87
55
46
80
-1
32
-22
10
-94
-93
23
-19
86
-46
16
72
-100
26
-70
-100
-2
26
37
-11
40
-12
33
74
-23
-25
37
82
39
-82
76
-82
49
1
72
-73
-93
26
-100
23
46
67
-2
5
39
-90
-19
-42
-27
-31
71
98
-79
-72
-89
-69
47
-3
-85
-47
78
98
-10
-60
35
-93
25
-67
-7
61
55
-56
24
-92
64
-86
10
-12
56
-42
71
-41
73
70
-19
7
93
-76
-63
-3
74
-41
-88
89
76
93
-93
-33
-54
97
-70
36
-80
91
96
-18
35
3
26
84
23
78
-70
29
-54
-3
77
40
13
91
46
51
35
-52
49
-87
68
-26
-3
28
13
-29
-39
100
-43
-29
-57
46
2
38
-70
-84
13
11
89
4
-14
-31
79
-12
-87
-59
43
-12
-38
-47
-19
-44
85
11
98
-44
-32
12
56
3
72
5
11
-68
96
91
80
-45
18
-29
64
-98
-75
88
20
25
85
37
-97
15
-80
62
67
61
95
14
100
91
-45
-12
94
-88
11
79
-14
-61
87
11
53
67
63
50
100
97
30
22
17
80
3
47
-33
54
51
25
-94
30
39
35
-82
69
-11
-89
-80
2
17
-58
-58
-68
69
-66
42
-66
83
42
-7
80
-10
-91
-96
78
43
90
65
41
21
-73
19
-7
39
-35
-26
-73
-21
16
-11
-49
10
-44
-40
44
-1
87
46
21
-45
40
-70
-12
91
14
-68
-66
39
1
-91
-65
-100
89
70
-85
-1
-14
-5
35
15
10
48
-77
3
-13
-57
-99
7
-50
-1
-92
88
-57
67
-8
100
-68
5
-32
55
57
55
99
-26
-12
58
60
58
64
84
4
20
-40
43
-29
-53
73
47
33
-13
23
-30
56
50
26
18
54
-44
-51
87
43
-90
4
3
34
-40
-64
-68
5
52
17
-2
89
33
-100
-79
27
-35
85
36
36
-5
-61
-59
-55
-61
-17
-31
88
26
7
22
76
96
-99
88
-22
20
56
-90
-58
-48
75
-83
-68
-90
59
53
38
1
-79
49
-82
-83
77
2
-95
81
-31
-69
64
67
55
30
-13
98
82
32
-88
10
52
95
-100
-60
-16
-57
95
8
55
-59
100
41
-89
64
-42
-34
-2
67
46
-14
-35
23
86
-87
-63
62
93
1
-80
82
-31
-76
-28
60
39
98
-81
-63
91
38
12
8
49
-60
-12
-81
12
-59
-63
51
-20
16
57
91
6
-21
100
40
2
91
-58
-10
29
-57
59
67
-20
-62
-2
-45
-65
-80
67
-57
-53
53
3
-53
-27
88
-21
-68
19
14
17
-9
-8
75
-12
-10
-47
69
-95
-63
-5
34
-22
-35
54
-48
17
40
73
13
-69
87
91
-90
-51
-83
-25
1
90
-100
83
90
50
72
-78
-62
39
2
-94
-55
59
-33
91
35
-54
-81
-27
-73
93
82
58
-75
-79
-15
51
68
-80
-86
6
-48
5
-49
40
65
-89
-53
-27
-56
-82
-97
-51
-20
-72
-40
-32
12
44
76
11
76
71
7
-6
-66
26
-44
91
-7
37
-36
-4
26
-77
32
-80
76
-14
62
68
-84
3
4
46
-22
39
32
-92
-85
-98
-50
-11
96
62
25
3
89
-30
93
-69
98
-47
78
99
-69
62
41
-89
76
-29
52
8
-50
-21
-16
-42
-43
68
1
28
95
-44
5
-7
-41
-61
53
-98
-20
-46
36
49
65
65
-37
-8
-90
58
-8
-16
-24
-29
51
33
92
84
-22
-91
-70
48
-30
19
36
16
-72
-98
-58
60
47
-63
-59
-24
88
-51
72
-72
7
73
-69
10
24
81
87
-84
-36
-95
18
-31
-51
-39
-54
13
-67
-49
74
88
-78
-41
15
73
-56
-30
-94
54
-1
-40
54
32
-48
38
-69
23
96
-4
-54
40
59
25
-42
30
82
-81
73
86
-85
43
40
-20
-32
44
-10
-95
-94
-25
-86
68
-75
13
-93
80
5
73
-72
-94
-56
-94
-28
-6
-77
89
-17
-67
-30
100
-96
-12
44
25
-92
33
-21
56
-23
61
-55
-14
-12
-33
-59
74
52
-51
-10
-4
-27
10
88
18
83
-20
26
-33
-89
53
6
95
-13
-9
83
-49
33
68
0
