41
-38
44
-13
37
84
33
-94
-96
-4
89
-81
-29
3
68
-53
57
-61
-23
85
49
60
-17
6
71
1
-43
22
-41
23
45
-54
26
57
27
69
76
80
98
75
16
3
-65
34
26
63
-89
64
-82
60
31
-95
74
14
-85
78
-37
90
-32
-78
12
-63
79
36
-40
-47
-46
-95
1
8
74
77
-60
-93
36
-28
52
68
-29
-57
-42
-98
-35
18
62
59
-42
46
71
20
-28
-85
-39
31
79
29
50
91
42
41
-37
23
81
-90
83
-10
-85
7
5
8
57
94
45
-89
-55
-97
15
19
80
-83
30
47
64
9
56
-70
-62
88
15
-88
88
-8
-82
73
88
-93
22
67
-67
30
28
53
94
-89
78
26
19
1
51
-99
24
23
-1
-15
75
-35
43
61
-59
11
-9
-23
-11
-92
-90
-40
80
83
-60
10
98
100
-98
15
88
-42
-38
53
-43
77
-8
-38
56
47
92
5
71
86
71
-67
-52
-26
-98
45
78
-22
-21
-95
-63
-17
31
33
-28
-51
-53
91
88
-50
-92
-18
-64
60
79
26
-44
94
-70
-69
49
-20
11
-68
-89
-57
-4
-54
100
-73
-33
84
-26
-61
15
39
83
65
-32
-31
86
54
78
-84
13
-48
34
6
27
10
78
61
-24
37
-40
50
22
25
34
72
30
-6
-55
-93
46
-65
87
87
9
-95
-34
13
-91
22
19
-45
60
-99
-98
-60
57
-6
-10
-70
32
98
48
64
61
86
-36
58
-70
-12
17
45
-39
80
-89
97
24
-82
41
-57
41
69
56
-100
6
-38
13
-86
26
-67
-13
-95
86
-79
36
8
-97
-45
53
39
19
-60
-49
-88
7
63
77
97
17
-38
-2
-45
-12
62
-25
95
-15
-45
-64
-49
3
-67
-90
93
-35
7
-13
-36
-13
25
-16
-62
-32
-97
27
-69
-25
37
-28
34
86
42
23
66
50
-88
58
-7
29
94
24
-37
-10
-96
69
84
-94
-45
-100
-57
-22
-75
-83
-88
71
71
-37
70
1
-42
-10
74
44
4
94
-12
-20
78
33
63
32
20
35
31
-87
-25
-65
-34
-100
-25
51
1
74
-40
-14
-27
-45
7
-96
55
83
-36
67
45
97
1
36
50
93
-90
23
14
-44
90
95
-95
88
35
-65
80
-98
-38
91
30
67
43
47
56
-16
-66
34
27
80
-24
-33
82
-3
-26
52
-21
-42
-71
-61
61
-61
17
49
64
15
-100
85
10
17
86
2
-86
50
48
-91
-80
-41
-27
69
-56
-2
-2
20
-96
100
-12
88
-47
-99
61
-5
6
79
-8
100
84
-14
-67
36
16
-93
-70
-20
72
5
77
-74
-22
-37
13
-83
53
43
59
73
50
-36
-27
52
6
73
-31
-98
-34
-31
-92
-53
-12
-20
45
90
-11
31
56
16
58
-84
-40
-84
61
26
-55
54
-88
28
-53
-73
-60
14
-45
-5
79
47
-11
31
39
42
58
7
-43
-63
100
9
-72
33
-91
-12
-28
-38
-14
36
87
38
80
34
20
66
-17
9
-24
-23
21
-68
41
-30
-41
-34
86
49
8
53
66
-15
-6
-88
10
-25
-41
43
7
-19
68
-100
84
86
-37
12
-67
38
-89
64
72
21
-3
17
24
100
-60
-16
78
24
-40
-54
-100
79
-77
-84
92
74
90
87
-24
-14
-69
-22
-19
-49
-72
-17
-45
4
91
-32
-46
94
-93
32
9
-45
-60
-3
34
-91
89
66
30
24
20
72
10
95
1
5
-84
-91
-77
-83
-66
53
28
98
60
40
-90
-71
-29
77
-91
-97
76
70
-31
-13
-70
51
8
-56
37
44
52
-57
15
19
-79
75
30
-95
-86
-27
92
74
75
-61
60
-95
37
-30
86
12
46
-32
7
-97
72
13
-100
60
73
-54
2
-37
45
81
55
94
-2
-29
35
34
8
96
-73
81
12
-28
-100
-55
6
-90
89
-91
61
-59
6
61
-84
14
-17
20
33
15
-4
60
75
18
44
86
-5
-30
100
25
-98
59
75
71
16
-59
-41
96
79
-75
16
13
-84
-76
-72
16
-3
-100
56
95
74
58
73
-36
43
23
91
70
-52
65
-15
46
6
-53
-49
-20
58
-49
24
-93
-15
41
-2
-52
65
95
-38
-92
-82
-25
13
50
10
56
-48
9
-12
-99
-52
-74
34
-13
-15
-5
-100
41
-37
15
-98
43
71
-53
-55
-20
49
-31
-29
-93
9
33
2
21
67
-51
35
41
24
62
-75
-33
-49
46
19
-84
81
12
51
94
-8
-6
36
28
-25
-41
81
-21
-9
-16
64
1
-61
-23
-22
-32
-64
-15
-77
67
65
-44
54
59
11
-80
77
-71
84
-16
35
95
-3
-18
-70
19
59
-13
12
-76
-41
35
-28
-31
-39
-52
6
-94
48
-58
23
-89
-39
97
-82
-21
-89
35
25
-29
85
13
-3
-35
-24
84
62
80
87
96
-25
-56
18
-99
-45
-94
-57
7
-54
-9
63
-84
-61
21
49
63
-14
62
-57
43
-70
41
61
81
12
-68
3
-16
-16
-1
63
-87
-40
-95
11
-65
-41
-53
95
76
59
-4
70
61
-30
-56
-38
-66
81
-34
89
-6
41
54
-93
74
21
37
-79
-82
31
47
79
-72
-28
-45
-22
44
-81
15
-16
3
-16
-38
18
25
92
-50
77
75
62
70
96
94
85
38
-63
79
-26
-85
-10
79
-22
-68
49
46
-97
-94
-39
37
12
-20
68
-33
37
32
40
36
10
-53
94
-5
-78
-89
97
73
-85
-43
-37
69
-74
-81
-34
44
-90
11
16
51
-94
34
60
12
67
44
15
70
89
-90
-26
13
10
43
37
-24
-65
-17
-82
-95
-71
81
12
-40
-11
64
60
99
76
-6
-91
44
8
58
-100
-83
-43
59
46
55
3
66
-22
-21
-61
-3
13
-59
33
80
-10
70
-35
57
-79
92
16
-19
-41
25
11
-81
26
23
-83
-76
-73
-14
-52
-75
-78
-82
11
73
-14
3
-1
71
39
44
20
-93
-7
-47
87
-76
-59
10
-7
54
-80
8
28
-71
57
84
-74
67
38
15
100
-27
81
-65
28
-47
36
-4
93
-36
39
30
-12
-5
5
48
-25
31
21
-60
65
-85
-47
-79
88
-25
84
-93
7
-38
-66
-100
-98
-2
95
57
-31
11
60
-74
94
32
63
9
-60
35
-42
93
-86
-10
-11
91
-97
-62
-74
-62
18
-94
11
51
-79
-99
-29
92
-29
-70
-69
-100
-49
-71
56
42
-56
-71
91
30
-79
-90
74
-38
-45
29
-38
99
-49
-80
-35
5
-4
89
-70
25
-39
27
92
32
39
-43
-19
-61
47
65
14
-70
81
96
-83
39
81
-47
-62
90
-43
-97
-15
7
60
-33
19
45
15
-68
39
-81
42
-78
-4
21
87
4
-92
-26
50
95
-81
55
-9
-17
-1
-54
-42
-98
65
46
41
75
22
-5
-40
37
-29
13
43
-80
-61
41
-45
32
59
28
57
-4
-65
9
-8
-60
-28
-35
82
52
-38
-5
67
-24
16
-97
-53
75
91
15
-88
-14
-84
-8
-95
51
-4
-43
-71
70
29
13
-84
28
53
-84
21
-2
52
-89
48
-56
24
-88
13
-31
-78
21
-29
-43
90
-87
-48
76
-60
83
-66
78
-49
-56
59
99
22
82
-67
32
74
25
-64
1
-39
1
-95
13
-30
91
-91
-81
75
-66
13
-34
-74
-8
-21
3
61
63
-85
-10
-59
-87
-81
-63
-73
-81
-31
-43
-62
-94
78
22
19
28
-94
70
-58
92
49
-45
54
10
29
-90
96
-22
-69
7
-41
60
-12
69
-12
5
-26
60
11
10
-49
76
-80
88
-12
26
17
57
-28
89
15
-12
76
-13
54
35
-45
-17
-81
-62
67
-5
59
-66
-70
-81
39
74
44
36
11
65
72
-65
79
-2
26
-78
-60
23
63
-25
-57
24
-56
30
88
10
-3
-51
8
97
61
54
-92
90
-33
-84
16
26
-67
73
19
-82
-76
-77
-27
45
-11
98
83
55
-2
100
30
-34
80
59
-88
-38
80
17
74
-19
-23
-48
-73
11
-47
92
36
34
-61
-75
21
89
-69
26
-55
-65
24
-82
-16
-77
-54
-27
72
9
-59
30
-19
6
28
6
96
-95
76
29
93
80
-85
-63
49
29
-30
1
2
-92
-65
-58
-80
-61
-38
2
69
-6
-66
60
-81
-17
37
-87
-47
31
-21
82
-73
13
-58
98
-75
-70
-92
-40
54
-82
-53
30
-55
20
-13
90
16
-85
75
-96
-95
7
54
-86
-33
-26
-45
52
-64
-59
-12
80
92
-5
-38
65
-87
-77
-59
-1
-3
19
-31
80
58
67
-1
30
-68
93
83
31
-99
18
7
33
-1
-55
14
-41
-37
-99
84
76
84
-4
67
79
-37
-13
-59
-86
4
-21
22
-85
-98
56
47
-24
-24
-63
7
79
-26
-49
71
51
14
-4
-71
91
13
-46
-88
32
1
-3
84
-65
87
29
-21
43
-88
-21
-71
27
36
-66
-19
23
-88
-40
44
43
-14
15
-39
-12
84
-84
27
-23
79
40
56
-5
-49
84
-97
35
-38
21
35
48
20
-57
3
-24
-46
-33
-98
-94
52
-93
19
-54
50
24
-91
-98
45
-66
-74
-93
81
21
34
-95
7
-60
-59
-73
9
71
-36
-85
-49
99
81
-63
-57
94
-27
45
-13
-23
-42
80
-41
-51
-16
23
92
38
63
-97
67
-59
-38
-32
-56
-20
-82
-92
-14
-15
-96
-58
-7
50
-88
-22
-62
34
-33
-6
-82
-76
45
99
79
-40
45
-96
-97
30
-9
-92
40
21
88
58
-74
55
51
-68
67
-100
66
-45
76
36
44
57
11
-93
-10
-42
-59
78
-44
57
-92
-23
-2
-70
10
47
-45
28
-39
-6
80
45
11
18
39
-99
11
-52
89
-43
-32
76
71
-73
76
-26
54
-14
75
-52
1
91
-91
39
79
78
-73
-89
2
-4
29
21
-74
-93
3
9
34
34
33
-73
-89
-83
82
59
3
46
-65
16
42
16
63
-51
39
-90
71
31
6
-55
22
33
-7
-88
63
-75
-9
28
67
-50
86
-9
63
22
46
57
-59
52
-15
22
32
-23
52
72
-27
-73
46
26
53
17
31
20
-48
-41
80
96
-57
-50
12
-88
-29
-92
-13
62
-82
17
65
-84
2
90
95
-77
-8
-70
49
2
79
-62
-75
-97
-94
8
-46
19
-91
-6
-34
-54
-80
-89
77
39
58
68
-15
32
-80
64
98
35
52
60
-69
-79
-12
-17
92
46
-37
-96
-40
35
50
-28
85
5
68
-95
95
-32
53
57
-42
27
-51
83
42
22
41
-58
61
-49
-97
-89
93
-53
88
-31
-79
22
97
8
-56
97
75
-74
-57
-86
-84
45
77
-65
13
-9
57
38
28
-26
-71
-13
-13
46
64
70
-14
-9
17
-57
-54
37
-74
53
-19
92
-38
-58
-74
-91
26
-52
-2
-17
15
-80
25
80
-58
-8
51
68
90
40
70
24
18
15
13
-54
-77
-83
-44
16
84
-50
-93
-75
-97
78
97
-46
39
84
-75
15
8
-36
-48
80
-2
75
-85
-30
15
-70
23
-10
43
-38
-13
11
51
40
-84
-74
-48
-60
61
-3
45
-100
-58
-16
99
-74
-90
-23
58
-55
10
-18
24
-71
-9
-10
-20
3
-74
-70
53
40
-44
-57
77
84
-53
99
-22
4
-99
-93
25
-54
-47
-66
-69
57
-90
-83
29
88
88
-76
72
90
-36
47
12
50
13
-81
74
94
15
87
100
68
60
-16
39
58
-65
60
-13
39
-64
61
79
41
95
92
-57
-54
19
69
14
45
41
-39
-15
-37
-29
77
-44
-8
51
83
-18
57
-6
92
24
17
-49
-95
22
15
-6
83
32
13
-4
7
94
4
42
14
7
89
3
96
57
32
66
99
-6
14
-39
-9
-23
-44
-35
-29
-71
59
55
-7
-2
-82
29
99
-49
25
-43
-40
10
-98
-79
5
-99
-25
-76
-10
5
-100
77
-64
78
59
56
-47
-83
62
83
80
-28
-39
-60
4
-31
90
76
-13
67
95
-53
-94
23
-86
60
51
91
-77
11
-18
-94
-96
92
74
-5
56
58
-20
67
41
-93
-48
-72
-80
-6
-14
-85
77
49
49
-2
-92
-40
-63
-76
87
-93
-39
88
-11
-38
12
6
-94
67
-43
-12
58
-2
-44
7
-68
-51
-82
15
-93
-39
-34
29
71
-34
-93
57
-79
79
-37
-52
-80
13
84
27
20
19
-57
-45
-47
-91
-48
49
37
-29
-52
-66
67
45
-1
-63
-58
77
-55
-87
-89
47
30
68
90
87
2
-38
-19
-69
-17
17
85
-11
76
88
-48
-85
89
84
-30
98
-6
-13
-100
-92
-32
17
84
-11
-96
-29
-6
-23
53
-15
97
-94
-57
43
-15
-95
50
-29
-68
-85
24
9
-12
64
76
-54
-65
7
72
92
-49
43
94
85
-15
-46
-27
-10
-21
-13
80
-36
90
96
75
-42
-84
-48
72
8
-81
-60
90
88
55
-1
-62
46
-32
-52
-85
52
64
-78
-93
76
15
84
51
-95
66
-11
40
90
34
-40
-56
-5
-45
3
-13
-67
-60
69
-16
-58
-78
92
39
21
-86
-68
-83
-13
41
79
-90
-1
85
23
6
-29
56
-11
10
15
91
46
81
6
-96
-59
-52
-9
61
95
-28
13
-72
70
-67
-40
-93
90
62
-12
-39
-43
-57
-87
9
36
-19
-84
86
36
-9
-22
9
87
89
3
-32
-21
-81
17
-70
-65
19
8
99
14
-75
-35
-47
-2
-76
39
94
-89
-94
90
40
97
-63
-82
-96
96
46
-77
89
74
23
50
42
95
-42
-42
68
100
25
77
-3
-81
34
-34
-73
-36
-19
-64
-35
98
-2
-27
-22
90
-13
72
73
49
51
100
85
-83
-63
-15
-100
-66
19
53
34
94
-28
30
69
-61
-44
-98
38
-20
53
-98
-1
-17
16
82
-39
-51
30
98
3
-81
-93
58
-73
66
-80
-24
7
-76
-4
50
17
78
-79
-51
93
22
-19
53
-32
76
-10
64
46
-86
76
85
16
40
-37
-13
-94
46
-58
22
12
25
62
68
24
91
13
1
56
3
79
-93
77
35
-95
19
89
2
-5
13
57
10
74
8
-57
95
-75
76
-33
2
-61
-9
-35
38
28
-29
-50
-52
-76
-40
48
-2
-86
-76
48
-24
-49
97
-58
21
-25
-79
70
-57
28
80
-24
-53
43
99
-22
60
95
-73
27
-100
4
-38
53
-79
-70
12
-83
42
-87
-5
95
-29
-48
-87
-19
-8
22
-22
-38
94
-62
-2
90
-8
52
-37
-42
98
-15
-17
-18
-39
8
-16
-71
87
89
50
-90
-71
51
-24
-68
100
-2
-54
-86
51
-42
-38
-94
38
14
60
52
-16
-74
-3
-23
2
69
-23
-49
75
-70
-100
-45
81
58
92
-14
-82
36
-26
-25
50
8
11
57
-85
98
-42
-42
72
-86
9
-4
76
92
-78
74
96
8
-57
38
-83
28
9
68
-26
-58
-15
-7
-7
-31
-75
21
-78
-4
54
34
-81
-56
47
2
58
-29
-58
17
-66
-27
58
38
-50
23
18
-53
-97
-2
-48
77
46
-99
1
84
-70
31
-74
63
-81
87
-83
-9
18
-27
-83
-95
34
-83
-82
2
-46
-77
97
-39
83
82
-46
26
25
22
-81
-77
92
-42
-37
57
-31
-79
65
64
-24
38
-78
-27
-77
-13
66
-86
83
-24
96
86
54
63
-25
-16
-87
3
-93
91
-17
-100
56
33
-4
-39
-13
-74
-33
63
-21
31
-62
-62
5
-30
20
27
52
-13
-37
-64
-14
-39
-28
81
-82
-64
-28
77
66
31
-82
-11
-91
-80
64
-73
36
31
93
-97
-74
-51
-83
85
96
-3
30
-97
-77
8
-72
57
83
-94
59
-21
17
44
83
-26
9
-61
-88
-39
-67
46
-78
33
-66
-68
50
43
100
84
-93
-97
-19
-84
93
39
-6
15
-10
40
-58
-43
-33
34
8
57
5
-7
-39
38
-52
5
86
-19
97
-100
-94
31
23
-59
-70
-90
-37
61
-97
-27
62
16
-95
19
-99
-41
-53
-85
-94
12
23
85
-16
24
43
28
-8
39
-70
-79
-32
40
52
31
63
29
26
-71
-93
-11
-22
-76
98
5
-64
13
93
-47
97
-67
-8
-11
96
77
75
89
31
20
-80
-62
-70
-77
51
21
-89
-64
-36
48
-19
9
-81
-71
60
-70
52
-22
2
-19
-37
8
-77
37
-42
59
95
87
-67
-11
24
-8
-66
-59
-44
25
68
94
-66
4
43
-71
77
11
-21
-29
-11
25
-82
44
6
14
59
-6
-15
26
-61
58
-98
-27
3
-40
87
-9
-21
-10
-32
24
-14
8
10
34
3
-2
-39
-56
20
35
-98
-3
12
-51
-2
-89
-47
12
-14
79
23
60
-21
26
-77
60
77
48
-29
-81
-36
30
6
96
65
56
100
75
-94
-92
15
-24
44
-84
29
-95
60
-92
-15
-90
82
-32
24
96
81
-27
-56
-46
-16
40
-98
-12
-27
41
-93
48
66
-95
40
-39
76
79
-19
-26
54
32
9
78
-69
-39
-52
79
65
56
71
-93
-42
-97
-73
76
-85
21
-70
31
-35
-3
-71
-13
48
-78
-64
22
-5
-85
36
53
25
60
-61
-84
-42
-29
96
22
-71
92
-87
98
-83
-94
100
-62
-57
50
23
-100
-69
-2
31
83
86
-80
-76
25
-96
-38
-61
6
-99
-30
54
43
-24
47
45
64
-50
-80
-20
-16
54
78
-87
-63
-70
51
8
8
-41
-26
76
-41
25
44
-54
-1
-77
41
59
-44
48
11
-80
-86
-49
95
89
61
75
50
43
-71
-4
-96
-59
-43
-56
-19
52
77
-80
-94
-38
100
-76
-53
10
5
61
-61
77
-6
-41
33
-96
-78
-49
20
16
20
-50
-63
62
8
87
-43
97
-77
69
-38
57
19
-85
-80
17
-57
24
-6
-15
-24
90
-60
-58
45
20
99
-79
-32
94
57
86
31
-1
-23
91
49
53
-17
-38
79
24
24
-56
32
-56
66
63
-28
-55
73
-3
84
-48
24
-83
21
99
23
-93
28
-95
-73
-96
29
30
67
5
42
-16
63
-21
25
71
26
67
60
-64
-82
-97
53
-50
83
64
18
64
-13
-64
-91
22
-79
91
-85
92
-67
21
-96
31
87
74
68
63
41
13
31
-4
95
51
-53
93
-26
73
52
77
-39
52
-96
63
3
47
-72
7
-42
20
-75
-51
8
89
52
-61
-42
-55
38
95
-78
-74
-83
-98
-71
-73
19
-61
-84
-88
45
-86
-18
-2
33
72
-71
-75
76
-54
-42
-100
49
-26
-33
-5
-66
2
1
-11
-32
-83
-12
59
-29
-51
47
-15
49
21
-2
31
51
-3
-51
-44
34
-37
9
-93
-20
27
69
59
44
-11
99
37
-98
-50
-42
-62
-75
12
-72
85
-4
-37
31
-93
-8
14
-12
94
-11
20
-45
-98
12
80
-36
-52
-17
-22
-63
-86
38
40
1
-10
-7
-45
72
42
92
93
-52
-10
19
67
-35
47
-73
-31
76
47
40
69
8
-75
-27
-35
81
51
79
82
-23
39
-82
-65
10
-29
11
12
63
-21
23
-86
63
-70
18
-79
-87
45
-79
5
29
-84
-71
-28
33
64
-12
-75
69
-76
58
-73
-8
34
65
-99
-49
-56
64
-68
69
37
28
50
-64
-49
50
71
-27
-7
-69
82
-25
72
58
46
85
84
6
-87
10
-27
82
63
26
30
30
-86
53
19
-91
40
-7
-2
-15
26
-53
62
-10
-53
87
-57
-14
-50
62
13
-27
-94
64
83
57
6
50
-83
-80
38
-32
99
12
-40
12
22
79
-48
-27
-99
-92
97
86
86
-37
25
84
-68
50
100
90
94
-45
32
-61
-22
-69
58
17
-5
63
-11
2
-6
-81
-7
19
-20
-96
-8
48
37
-92
18
-98
50
58
94
-65
99
17
-65
-11
1
-15
4
-2
74
-35
-68
-29
15
85
100
92
-100
8
-30
-41
-42
-15
74
34
-21
92
-26
75
27
-9
-31
-73
98
9
-33
-82
12
-92
-85
-36
34
58
-79
-66
4
79
67
93
-89
-45
-25
79
52
83
35
-94
-88
-20
48
-33
6
27
9
-72
-40
-90
52
-30
83
48
21
-94
-89
99
-9
-18
43
-14
-73
-73
-12
-38
20
22
-67
-39
53
-59
29
55
33
-69
-100
92
-44
28
67
-45
65
-58
2
-21
29
-57
41
40
82
-70
-49
10
93
-65
-51
18
-25
-89
94
83
-30
-21
17
-90
40
-19
56
44
69
-85
-87
-54
34
-77
35
-72
-29
-86
75
21
100
44
-62
83
50
-93
-48
-17
-61
94
-33
79
23
35
70
60
-78
58
16
86
-96
-94
-43
-72
-30
30
42
-12
4
-77
-41
97
-75
-40
48
49
68
73
-42
20
80
8
33
58
-51
-9
-62
-23
-4
86
-70
-82
-91
-68
-58
-77
92
-46
86
22
-10
-26
-33
-5
19
33
-28
14
-15
-73
82
39
-12
100
37
94
-15
27
-97
-9
-75
33
93
55
14
82
-99
-59
-37
-65
82
-77
85
98
31
96
63
-31
36
66
-99
-99
20
66
-42
-29
-75
-35
-95
-75
-41
-34
30
76
-6
-19
-65
29
4
-49
-36
28
-46
-18
-64
74
-85
41
-68
-9
46
-87
32
80
7
52
84
-67
-96
86
-14
82
31
75
86
94
-25
-5
-85
27
-62
-95
-39
-23
-35
6
6
76
36
-100
-96
-74
35
22
-98
-73
-60
100
19
-30
86
-96
-68
-95
-55
-21
-30
52
-14
6
-44
66
20
87
54
-43
-54
56
30
66
27
85
58
6
-68
-75
28
-58
-63
65
-48
-92
25
4
89
-21
86
-3
6
-69
40
67
67
10
87
-72
93
76
58
32
-7
-24
-20
54
-37
61
38
5
-58
23
-16
68
41
-75
-87
-24
72
25
-67
-23
99
-84
-80
-34
77
-56
2
-58
-15
94
-57
-36
51
3
-35
-40
-34
51
19
-54
-16
59
39
-30
-40
61
-66
7
-3
45
94
12
49
-22
-30
71
-19
61
1
59
-63
28
66
-14
-92
-39
-50
-20
-36
-75
29
54
100
-10
51
-31
-60
-20
-27
-38
-13
-21
-6
45
-63
-9
73
-45
34
-36
7
26
-6
97
-39
-49
55
-6
43
46
50
-7
42
-74
65
-90
100
-73
-47
-82
-94
63
88
38
-48
19
-39
94
84
76
60
-45
2
-93
-12
-53
-59
38
-65
64
39
-38
15
55
-1
-85
92
28
83
76
-29
-21
-91
81
33
92
-84
11
2
-47
16
94
63
-55
13
-5
77
-96
13
98
29
-9
42
-65
-7
33
-27
-64
-39
97
-26
31
-95
-96
-34
-6
26
-18
88
-68
-3
-52
-95
-7
-98
-100
97
-94
-2
85
43
-68
13
6
50
-83
100
36
53
12
-18
33
33
-60
12
13
46
-3
-60
45
65
96
93
81
32
12
60
97
-42
14
78
-18
-3
25
-100
49
-95
-56
34
56
-39
19
-28
-86
19
-43
-86
-73
89
41
90
-41
88
52
-48
93
-46
-6
98
-6
32
13
95
17
-13
-48
-84
-9
3
-19
-41
91
86
-100
-98
59
-87
-76
-81
-16
-73
-68
66
12
-58
26
-49
-40
90
13
-29
56
5
-97
-79
-88
45
-92
-29
-57
-27
-89
67
-46
10
20
-17
54
-21
17
31
9
-90
-60
-2
-45
-58
89
18
7
-90
9
99
65
-86
-50
-15
86
-63
-99
53
63
50
-26
69
92
-49
-90
-70
-41
35
29
-24
-25
8
76
49
7
-82
27
17
-71
12
28
27
2
-93
-47
-89
-75
-74
-37
38
-77
23
-88
-80
-80
-70
-55
87
91
-93
65
-13
-7
98
15
13
27
-39
-18
-46
74
-50
18
77
51
-1
16
-19
-48
96
-65
44
92
64
-73
9
87
-2
-76
-56
13
-54
-94
77
-27
87
66
56
-22
31
-47
-26
-76
42
-22
-39
9
98
-20
-67
-39
22
-79
-75
27
14
-36
-42
44
-31
28
39
-39
80
40
47
54
-41
2
-34
-41
59
3
-28
45
40
-74
-53
-62
-51
-90
32
89
43
-76
-29
-51
-48
-26
1
-80
-40
17
26
95
-1
41
-80
85
-72
21
-13
33
13
21
-92
28
-49
-96
66
-63
-47
-37
-41
23
61
20
34
28
72
-11
31
60
-16
27
90
58
78
-62
87
-40
85
39
-17
99
23
15
58
-57
22
-17
-75
-83
36
-47
94
-100
76
82
-13
-43
26
26
55
-47
75
-94
-41
94
14
35
20
40
-76
31
55
-96
-76
-9
-16
-40
41
-45
-30
29
36
97
20
-60
-95
-64
46
10
29
94
82
-84
-1
18
79
47
64
83
-59
73
89
47
44
-17
26
32
52
-98
87
30
-76
-8
16
9
12
-28
51
28
-91
-22
10
-65
94
59
-8
-7
85
86
-5
16
51
5
-18
9
-90
51
-31
34
-58
-44
72
41
-34
59
-94
57
38
-75
-99
65
24
61
44
3
69
-77
3
21
91
19
-63
95
93
68
-78
-36
-47
33
72
78
75
42
-72
-82
-41
-17
-43
-100
-76
-90
70
-5
56
-58
-18
81
14
45
70
-11
78
30
70
22
-95
-36
-55
1
-6
100
-89
29
-91
8
-16
95
62
99
-60
-21
2
10
-18
-67
-7
43
11
-52
99
-76
81
-87
36
-42
56
66
81
-47
-60
56
68
25
-24
-34
83
14
-60
61
-75
48
-30
67
-91
-53
24
-39
-38
62
-81
-31
-18
24
-66
59
100
-59
-95
-31
-23
25
97
64
-82
13
2
94
37
9
-68
-90
95
-84
69
20
-80
-8
32
-62
65
-74
-32
37
62
-88
47
-89
19
30
74
-4
63
45
-97
40
-87
17
-13
20
-22
96
-50
-50
32
-82
-60
30
-19
10
-54
-15
-68
27
-89
61
-76
95
25
-95
30
49
49
-63
49
-12
99
-60
26
90
-59
39
-63
-17
81
-13
83
35
-78
-55
96
-64
-73
82
-100
48
-94
78
60
36
89
-38
-97
-44
64
-7
72
85
-100
-97
-96
18
-63
-23
64
-82
34
66
-21
-8
-81
24
42
24
59
6
78
93
16
-73
-47
-29
84
-85
93
-1
-40
19
74
99
-72
-46
13
63
82
32
-50
46
27
-54
76
-65
-23
-83
-31
29
97
100
60
-2
74
82
50
-8
5
100
-32
14
-30
-95
56
-78
79
2
-25
17
36
64
51
-46
-34
64
34
-66
62
95
50
21
9
-34
-20
-79
43
-30
67
22
-23
27
22
75
10
-97
25
92
-50
72
-59
33
-74
69
-57
-53
-22
86
82
-88
-88
63
-93
52
-29
-54
-27
84
-83
35
71
89
-71
-97
-100
87
51
12
-1
-37
-66
-83
-74
-80
-22
-79
-38
-58
-40
74
21
66
-44
-19
12
-9
52
-57
-43
96
87
12
75
58
27
-100
-52
-92
-8
81
85
-95
51
-38
79
25
71
73
-38
58
33
-5
-50
-87
-55
-75
-8
14
-94
7
-61
21
7
28
59
-18
5
6
62
13
-20
-100
-76
23
-87
71
42
9
-90
30
-86
85
-4
-13
10
-58
7
83
69
53
-26
36
-92
23
78
-73
81
30
8
38
70
-11
98
-4
36
-53
21
-48
-35
51
-28
-10
32
-93
89
47
90
-1
67
-94
-93
-28
-16
-86
11
-40
-29
-67
58
92
44
-70
26
93
-32
-74
-21
-65
18
-34
-51
-16
-12
84
-40
5
-85
-16
38
-77
-11
100
10
9
-80
53
-5
48
-100
30
64
-32
-34
-23
37
-95
35
80
-94
94
89
92
-46
46
22
-15
77
-34
54
-68
-6
87
29
-20
-65
85
-84
79
-61
-36
61
26
98
73
63
68
-19
-92
-77
1
-97
55
-72
52
50
-5
-23
-93
69
47
-83
21
-96
71
100
-43
6
49
-49
-60
50
-5
-96
34
-22
-62
-73
92
-68
98
-68
93
8
-85
89
55
99
82
66
-31
-64
-99
-61
89
-24
81
-23
-14
89
-69
-2
-68
-44
-5
84
-77
-73
-39
84
92
-28
98
-57
2
-21
66
-32
-41
40
-4
66
-9
-79
-67
31
-34
89
5
-29
-73
-8
5
23
75
-51
-24
72
-54
-52
76
-31
19
9
12
90
88
93
-57
-56
79
-82
-17
58
-7
78
-27
-93
-7
-9
-15
81
2
-36
-90
-35
30
-32
-88
18
46
-69
91
71
-5
-45
73
13
85
16
63
60
-79
-22
-66
68
38
22
-71
-67
-69
36
35
87
-19
-12
13
-97
-64
-5
24
-47
42
57
-71
-14
-97
70
-16
81
70
-63
99
72
69
-12
58
-68
40
-92
-88
-12
3
-59
-71
11
-26
33
18
84
94
-20
-96
69
94
88
-90
24
24
-100
-65
81
-21
-67
-83
-59
-23
-19
31
-10
28
4
26
72
-40
-10
19
49
69
67
-30
-61
69
6
71
-35
67
78
-51
23
-66
33
-52
-73
43
42
-28
82
-1
-63
19
-33
15
-81
-57
81
34
-64
90
52
44
19
13
-7
4
-32
33
12
7
10
10
84
-79
-61
48
36
22
36
87
66
-25
-94
-64
-25
-41
65
1
-53
84
7
-63
-9
19
-19
-69
-91
100
93
-27
63
87
35
42
73
-18
61
-55
32
-30
41
46
89
89
26
-77
12
22
-87
67
80
-16
-45
94
-20
34
-41
-25
-20
-8
30
74
90
-27
49
-83
-56
-2
94
49
-4
-74
13
17
9
76
-24
76
1
39
-82
11
60
-71
-7
85
-28
-16
68
45
59
-66
-75
-90
-100
-17
37
59
-51
10
-68
37
-88
-96
-57
-73
-73
-9
69
-46
76
-62
-82
93
-75
-30
-97
-48
-30
-65
14
-83
-30
-38
16
45
39
-91
-3
-15
51
14
19
49
68
45
56
-32
-30
4
38
-5
-73
-68
-12
-29
56
-3
-4
90
-90
-27
79
52
-51
-95
-48
78
93
-81
30
20
-18
-22
-74
45
-75
95
-34
-56
2
-39
-27
59
66
-67
28
89
63
26
53
-58
55
-61
-1
-37
-3
8
1
-27
12
64
76
85
-100
-51
17
-97
-9
-41
73
67
-74
-83
-85
19
-56
-22
-68
-55
86
-91
20
-10
50
-8
-81
-82
97
72
95
-5
-72
66
-69
91
-85
10
-50
-83
-14
30
-6
4
83
-5
48
-10
54
-27
89
33
82
9
24
52
71
57
37
-35
-15
-40
-35
-60
-67
-34
31
-59
-31
97
75
61
43
-36
-24
-13
49
38
-69
-63
68
-54
-92
9
77
-13
59
47
61
-85
-92
-32
-50
-97
-100
-81
-43
7
50
91
-47
-87
-17
-12
-55
65
-36
-31
-36
86
-15
-68
58
44
-55
-31
3
76
-79
74
83
27
-25
-27
-29
-6
-97
6
66
-99
36
-4
-16
-57
82
-16
93
-19
81
98
-98
-85
-30
44
-88
-1
78
3
3
-83
60
-84
81
-37
-8
-58
86
-4
-92
46
65
71
2
95
68
68
72
66
94
-7
-12
76
-62
72
-57
-38
-66
-41
-8
-67
79
-77
-20
15
45
99
8
13
50
55
14
9
48
60
30
20
-34
26
-61
29
-20
81
-94
65
32
15
-39
-16
13
90
99
7
45
70
85
37
-39
-1
-8
84
44
-52
-100
-44
-50
99
-52
24
97
14
-52
-33
-65
94
-22
-83
-29
41
-44
11
88
97
-15
62
-26
-11
4
69
59
-55
-26
29
54
56
-58
29
52
90
71
-19
-18
68
-100
62
-79
30
-59
38
-98
-92
-95
-68
56
5
85
14
-90
-11
41
88
-100
43
51
51
-84
93
-40
80
-96
-37
48
-41
-69
76
90
3
30
26
-67
46
87
-42
-60
-93
50
-78
83
-10
67
-94
74
-100
-57
49
66
50
-13
96
15
87
-44
4
45
-36
15
25
-73
-75
-30
30
12
-97
54
-25
-54
33
56
45
-45
16
56
-40
-59
98
48
-49
-74
60
-57
63
66
-62
27
92
1
59
17
-91
-72
20
-40
77
-70
17
68
42
36
93
-36
35
-96
-91
-67
99
-34
73
72
-20
79
78
89
16
7
33
72
-67
17
-51
65
-20
-49
-59
72
94
-28
61
61
38
-13
-74
67
16
-10
-60
-62
53
19
-34
48
5
-7
46
-64
-38
35
93
70
94
-1
41
-14
-27
-4
30
95
22
-80
48
-66
72
-58
10
-18
-25
-35
-54
22
7
59
-45
66
-95
-29
41
-20
-5
-84
-3
-57
-87
96
-80
48
-72
1
49
34
-38
25
19
7
84
66
95
33
-12
-50
20
24
41
-39
34
-43
-36
24
49
-16
21
7
82
79
27
81
4
-38
66
7
-77
-94
100
15
-61
-5
-63
13
-23
39
39
48
-3
-89
-91
-94
-53
24
67
-25
-57
47
68
-51
8
25
-12
77
-13
-75
35
-2
37
-49
-33
4
55
32
-55
-18
47
-14
-69
-90
-79
89
64
-82
85
-44
10
57
62
-35
-24
56
-33
50
93
38
-16
31
52
51
79
-69
31
-4
1
29
-40
-60
9
-33
-31
-67
-49
33
-12
98
72
100
1
12
8
-13
-16
41
59
22
31
88
1
19
-81
-10
-27
80
-27
32
-51
-20
-1
-2
-55
37
-67
-9
-43
-12
16
59
56
-86
-66
-47
58
-4
-88
-31
68
64
37
-93
65
96
-8
-26
17
-57
-25
-42
-29
91
-43
-91
-88
-45
-79
85
83
9
43
8
-32
73
90
-95
-6
24
-57
-66
85
-31
-82
41
25
44
90
-58
-65
2
-81
-48
-1
73
52
-57
32
96
-62
5
30
5
-73
96
-88
-11
2
34
73
37
94
-31
-32
-98
84
69
-89
96
18
-59
72
79
30
40
90
-83
97
-100
-29
-13
-30
30
-79
-28
-99
-14
-87
4
27
-3
16
76
-10
-19
-96
-93
25
60
-74
-7
-41
26
-86
-13
-70
-79
-97
23
96
79
78
-39
99
-100
-25
60
-91
-87
17
-94
60
-46
-6
64
89
62
-24
-4
-88
22
73
6
40
13
69
1
21
69
52
-15
29
-52
36
-97
87
-36
47
-52
-56
-50
24
-52
-12
-60
82
-28
-36
-73
22
-86
87
-69
7
-47
-25
-39
-93
-85
17
93
6
-60
61
48
24
63
-58
79
24
-61
14
-73
64
47
100
70
-6
-3
32
-43
23
-60
-81
31
21
95
-37
58
-10
-6
81
99
-60
-19
-2
-7
51
-46
67
-90
65
-13
71
62
55
-52
-64
-96
-10
-33
-73
-33
57
80
-3
-10
70
39
-66
19
91
60
-62
-94
-58
-81
-3
-43
-83
70
27
59
44
-8
84
-94
47
-8
-3
66
40
-31
-88
-88
-87
-62
2
66
-38
-92
27
-84
40
-28
-42
58
46
-99
-46
-77
58
59
12
38
-70
-40
-74
-51
98
12
-36
1
97
-46
84
49
-95
25
-68
-71
63
-68
-79
-15
72
48
62
2
89
89
-30
-17
14
16
-81
80
-20
-13
-64
-64
38
-29
12
-70
-27
-55
100
-69
-69
57
94
41
37
-98
96
39
-47
48
-59
76
-96
-65
-78
-82
85
-42
-17
91
64
-1
-81
26
10
-85
-95
-38
43
68
80
-99
1
10
-77
95
-39
63
-84
-36
72
58
62
-9
-39
97
97
-77
-40
2
25
-25
-54
-28
-96
42
-63
77
42
53
59
66
-100
9
-83
4
-26
-60
-39
38
55
7
32
-77
-14
49
-68
61
52
-27
-39
-3
29
98
-71
-71
-79
53
-53
40
21
-42
-49
-57
66
-98
-66
15
72
-32
66
78
-96
5
-37
-88
-97
52
-25
31
-98
-5
-85
24
-69
27
28
41
0
