-85
51
-15
97
-43
-54
-69
-64
-96
100
-7
93
89
55
8
21
-55
-62
79
-86
34
52
-84
44
83
75
70
5
-66
21
83
-77
-24
-27
-41
83
91
71
-21
17
1
85
-83
-12
-23
-4
32
21
-71
7
-41
-64
9
57
84
-56
-86
-55
-81
64
67
-94
-78
13
-79
-87
91
-1
89
-1
-93
-24
18
-54
25
9
98
-1
35
94
35
61
20
55
58
81
-6
58
-17
7
6
-69
-19
-20
-22
-60
-43
-58
46
-49
-55
51
-63
-38
-6
60
36
70
-37
-83
95
8
-36
-60
-24
92
28
23
-70
24
-95
1
-93
71
64
77
-98
-68
-8
-37
18
-60
-4
28
25
57
-59
-12
31
-96
53
-84
-37
21
-98
9
25
26
-23
-36
-92
-59
85
-92
-73
64
-83
43
-81
-2
-35
-65
-3
36
-61
64
-14
-12
-32
52
-60
-37
17
-73
-59
56
38
8
-31
-20
62
-100
-67
-83
-68
59
18
-95
93
-67
31
-5
-79
18
-70
20
-36
-91
27
-54
-27
46
3
2
68
-54
79
-26
-66
14
20
17
-14
-69
-79
44
-88
28
54
-86
97
-45
-66
82
24
57
30
74
-87
-64
83
5
17
-30
-52
100
26
-27
-82
60
21
-27
-40
-83
-87
81
12
79
23
13
-14
-52
59
-40
-15
-84
-33
43
-2
-94
66
-40
-94
29
22
47
98
26
-34
72
-26
-34
47
-38
3
65
48
-77
-95
-39
82
-60
94
-60
82
45
-45
-69
-48
-20
-81
83
-7
60
26
85
-19
74
-51
-100
-95
72
95
30
-46
24
-28
-92
83
46
36
30
99
5
-61
35
19
-95
61
15
-60
-87
78
-89
55
-61
-36
-18
-100
13
21
-2
-81
-28
-21
-95
-97
14
-3
-42
46
32
-3
27
-7
-61
34
-63
62
-46
51
-54
-63
84
-94
11
-91
80
-13
-80
40
-69
3
-29
-24
-2
20
-30
-20
-16
-20
-83
83
87
-48
57
80
38
84
-93
-48
-89
27
-35
-46
57
95
39
83
-84
60
72
20
-3
-94
91
76
-56
-84
-31
-92
60
-18
58
96
35
-1
43
43
-86
-54
-84
-17
74
1
19
-67
-24
63
-40
80
-40
64
-98
63
-70
-95
-56
48
-27
6
45
-67
-3
44
-17
-16
92
59
21
-94
8
35
-97
85
6
-1
-63
-45
-4
-16
94
81
-78
-73
34
-30
-3
98
-11
85
6
-23
-74
34
-99
-55
-7
34
-34
70
-50
-15
-40
52
89
68
-55
7
-8
2
16
-5
85
20
78
-89
-44
25
-92
29
-48
-32
51
2
-92
-92
47
23
77
51
-100
50
54
66
-39
-6
-50
-51
80
-74
-35
87
11
70
-69
100
70
-49
32
-28
-15
-75
52
-86
-3
-23
16
29
-73
66
6
62
-20
100
61
-2
-74
99
-9
100
19
-99
70
43
1
-99
53
-82
6
-33
-90
-95
47
-20
16
-13
21
100
78
-99
-26
88
-55
-91
12
-87
13
11
94
-88
67
-93
87
-99
71
-9
8
70
-95
-12
97
32
42
23
47
-14
8
56
-4
-17
9
55
-11
-37
-67
8
-17
-73
-26
-26
6
-65
93
49
20
95
96
54
73
20
6
39
3
-96
-46
43
-72
-93
87
-93
78
35
-44
-27
28
-82
-74
-84
55
-96
40
-70
-21
-91
37
-43
45
-83
4
-62
-92
-81
-97
-49
81
-22
76
60
92
87
-76
27
-9
-41
85
72
-79
38
-48
57
47
59
-86
-5
41
5
-41
82
-13
-85
-19
42
-13
-47
-36
-40
-48
45
-48
-55
-15
-84
65
74
22
-29
63
-10
-48
-28
59
56
-63
95
-42
73
-68
-13
-90
81
94
-21
70
46
20
-13
91
-84
41
78
97
-3
96
32
98
62
48
-45
-100
12
-15
46
76
-88
-61
93
58
-91
55
-48
-61
-81
19
-45
-82
-86
30
-46
92
83
-89
90
69
-66
83
-64
67
-66
69
-59
-9
20
-3
-14
-72
50
-93
-1
54
4
-13
32
10
-60
83
-61
88
68
71
46
86
-38
-16
18
-66
-85
65
-96
61
55
84
43
-30
18
26
-16
-31
56
-55
77
-65
-34
62
-5
3
42
71
76
97
22
35
56
18
-85
-4
12
-69
21
44
12
-18
50
19
16
-7
35
-90
-69
55
-20
-18
-45
98
63
-79
-98
74
-50
42
70
-71
32
54
-15
-52
23
97
72
46
-10
-13
12
53
48
14
-82
1
-59
-60
52
-51
18
55
6
-89
72
88
-91
-11
61
15
-84
-79
59
43
85
68
-71
-35
-1
73
69
-9
-29
-62
-95
83
47
74
-44
-63
-59
14
-36
72
-70
15
-81
23
-11
-45
-72
-100
-38
-73
-92
-71
63
89
8
-23
41
32
95
62
-13
-66
65
17
-50
-42
-68
-85
-46
53
-7
26
-23
-92
4
-42
76
-65
17
-82
-96
54
-14
37
-34
86
72
-65
-92
21
73
76
-5
-11
-79
-72
68
89
64
37
8
-20
-68
-89
-81
43
-49
-15
-62
17
55
68
-89
-13
31
5
62
44
73
94
-10
20
-35
-79
45
32
49
-53
3
80
93
-24
-66
57
-78
2
28
43
3
6
-33
-85
69
71
-51
-39
71
-30
76
37
50
49
-71
3
74
89
-43
64
5
39
-2
81
-27
-17
22
12
45
-100
-51
67
100
-65
2
-73
86
31
96
61
-84
-19
-42
-26
77
76
80
26
-39
3
-2
-56
97
47
100
76
4
2
5
91
-54
-22
-91
-89
-78
-30
-83
53
-7
88
13
-82
-32
-73
-65
43
-14
-90
-67
-19
-8
49
-84
81
51
-65
-29
75
-34
-90
-76
76
-46
96
59
-74
4
38
85
-75
61
-59
-99
-98
-49
93
-14
29
29
42
81
-54
-56
65
-70
-2
31
74
42
-98
92
79
-29
64
62
77
42
-60
-60
-34
97
-72
-91
-75
-53
-6
62
-90
-75
-63
-26
25
-50
-21
95
56
-1
-69
-79
-67
32
98
12
12
51
46
-2
94
-12
90
20
62
24
10
-32
-89
-13
-41
-69
79
93
-50
88
88
58
46
-2
-79
-51
54
-81
-39
64
-71
68
82
-86
93
28
-13
-72
88
-72
68
77
-66
-13
32
-78
-52
-11
-21
-69
-70
-10
34
-98
2
-98
-93
-40
-42
-96
-46
67
97
-54
64
59
60
-43
-50
100
86
59
84
-56
-39
51
-14
-56
76
-36
55
87
-31
71
-41
-91
14
45
-74
-49
56
36
54
7
-24
-98
-8
-53
1
47
-64
-10
-94
30
-97
-51
59
30
-82
-90
-25
-64
44
66
-92
-10
-34
-38
54
58
67
-98
9
70
58
30
-98
-47
-89
-80
-65
-93
98
-58
42
90
30
-55
71
81
11
60
-99
-52
87
-68
15
-22
-6
82
-98
70
-51
-41
-52
-16
-25
2
92
-55
-38
78
-47
-7
-11
-71
-78
-91
99
-65
43
90
54
-53
-4
-7
-94
-27
71
-6
-52
-31
7
-46
-72
-90
42
40
-27
-86
-100
32
73
80
-82
-31
88
-82
-67
-15
-77
84
75
-67
-54
-24
98
92
77
81
12
92
15
77
75
95
-65
-42
50
95
-28
-41
-63
-48
5
40
-90
-91
12
-11
-11
-81
-57
-82
12
3
35
-57
72
69
58
-9
-46
-79
80
-89
-57
12
65
85
-44
-83
-95
55
65
-75
-8
66
-85
-95
81
-64
91
27
-27
-89
57
-39
-33
30
63
-11
60
-37
-5
73
68
-37
52
-70
-68
85
75
54
-21
18
-64
14
-64
-93
55
-35
94
90
-41
87
-11
30
28
27
69
-44
-52
-35
41
20
-2
-7
-7
-77
-4
91
-17
47
-96
-63
-100
-7
70
-52
-93
-76
-76
17
28
4
98
-11
43
59
-4
-3
89
44
97
24
68
56
-87
46
9
-74
85
92
-49
16
61
65
61
9
86
9
49
11
8
52
78
100
-85
78
-5
-96
53
33
95
1
-35
-56
10
54
-67
82
-10
-71
21
83
28
-63
56
16
-60
-20
40
62
-36
64
99
-64
-18
10
-16
-43
59
-75
-8
10
58
-11
-21
48
-90
32
-64
-10
97
-48
-29
-10
-92
-29
-88
49
-80
64
-82
-25
21
-49
-89
-2
8
62
70
-14
65
-78
-36
-65
50
-36
22
-75
69
-53
36
-44
91
-19
20
-52
-1
10
25
-77
-80
25
52
-32
-5
79
-33
-59
63
62
-48
-21
-55
-53
-69
-59
99
-99
-15
-76
-83
4
-37
26
7
-86
-27
67
6
54
94
20
96
-31
-43
82
-52
-2
-25
-88
88
-3
39
19
-13
95
1
95
-65
88
20
97
80
7
19
-27
8
8
-48
68
36
-45
-6
-53
-17
-8
13
-67
-89
100
85
93
12
-59
-82
65
34
85
-80
-90
-89
-100
-51
-38
59
-78
-15
54
87
38
67
18
12
-23
-62
76
-27
53
-34
-5
25
-9
-3
-1
59
-40
-49
-78
-77
29
61
-24
4
-26
80
-96
75
-30
-89
37
-32
-40
10
36
16
-33
72
7
94
-77
72
-34
46
-47
66
89
-49
99
-89
-55
89
11
-100
-81
-93
43
-72
13
-32
23
76
-95
61
28
73
3
28
77
22
30
39
-71
-41
-62
-78
93
3
79
-52
-31
-71
96
44
99
7
-92
-86
-59
-26
61
-57
40
96
66
-63
82
29
-62
42
-20
77
-3
-6
92
-36
-42
31
-81
34
69
-13
-96
-2
40
30
30
-8
-42
-88
95
99
56
-5
-85
-65
56
-32
22
88
-26
-5
-43
-77
-21
-78
-27
-15
72
-99
72
36
-31
-28
-57
-48
44
-37
84
-39
9
-31
73
-99
-6
16
86
-100
-24
-88
1
28
72
12
35
65
-98
-36
-51
-72
-8
-31
58
98
-86
22
-6
98
-77
-57
-33
-20
-98
51
25
93
40
43
-83
13
85
-63
100
17
53
77
49
-17
-9
45
2
-46
86
-51
28
17
90
78
24
-41
54
26
-55
95
-37
-44
-7
-15
95
74
2
-70
-58
-98
-4
55
-50
-11
5
-81
-42
-70
8
-6
82
16
-57
52
-70
-47
25
-37
-64
-48
14
30
98
78
-25
-32
50
-7
7
74
-8
-18
3
17
66
-2
-38
-57
-5
8
-17
66
-68
48
93
-7
46
74
38
-1
31
4
-19
-77
-22
-18
-90
-66
-55
24
-39
32
16
-90
-16
47
33
-82
87
58
59
-83
-14
-81
-80
-40
-4
82
-100
-29
66
-4
-68
-80
-73
29
-93
-66
32
41
59
-15
21
-23
31
-87
-37
-17
-36
-67
56
-13
21
-5
64
-100
54
-11
20
72
33
50
50
53
86
-67
-55
48
75
-29
6
7
-54
-32
14
-79
-79
-98
72
-80
22
84
30
-19
-69
41
-12
45
14
44
29
28
18
-97
65
-52
-99
-47
62
40
84
-53
37
65
66
-95
89
65
25
99
-29
96
-99
19
82
50
-80
-12
-14
-58
-19
-33
-75
31
-45
-100
24
88
-55
-36
8
39
77
-63
96
58
47
-18
93
62
9
-52
32
13
-89
76
-90
61
-30
68
-49
-90
-74
71
84
-92
-24
-44
73
-77
39
-87
13
-69
-16
-78
-88
-92
84
-40
-93
62
-63
25
63
5
54
82
-35
-11
30
-38
81
42
-65
-79
-9
92
26
92
-22
78
55
15
-25
26
83
-92
12
-49
92
12
-87
-55
-94
-10
76
-10
-78
12
68
-89
-50
29
7
67
99
-26
-76
-86
-7
-28
20
32
51
-2
-24
-65
-12
-42
-13
-16
-13
-25
64
-65
-11
75
-14
-67
6
28
-2
-93
-13
-41
74
35
-15
41
-16
-89
-11
60
-59
-26
-13
33
49
80
30
98
-14
24
-46
58
-15
67
74
60
-53
45
-39
-2
30
64
55
-13
-11
-92
-61
-22
-49
-33
-8
-33
-76
-57
6
-78
75
26
36
-49
97
18
-42
-87
8
-55
-89
-79
42
-98
-45
-40
-54
98
39
57
91
42
-94
32
-25
47
57
-48
79
-67
-76
-94
-55
8
-82
-21
45
60
82
-29
97
82
-45
83
-56
-68
30
-90
42
23
86
-34
9
40
82
50
-46
57
-31
88
-45
-47
-4
-97
-80
39
15
-96
54
-64
16
-3
-40
15
-100
1
-28
18
-42
-64
69
-3
59
-59
-93
74
88
-76
7
-88
87
-11
67
-77
-21
70
49
-8
-22
-13
-47
84
63
76
11
79
-50
3
-36
-66
-94
48
-74
83
-31
4
31
-47
3
53
59
63
-46
-51
32
79
43
-98
43
44
83
-59
17
-62
-25
-59
38
22
-21
62
-100
-11
-78
77
82
-11
92
60
-4
-74
-10
70
-40
87
-20
73
-48
12
-94
7
-83
78
-72
47
-93
-27
48
10
80
-49
23
30
69
-78
82
69
77
11
91
82
-1
-71
-5
-13
-58
71
-5
38
75
-44
-48
-47
-57
-22
30
37
-74
21
-65
-84
-9
40
73
-19
6
-72
-88
92
-11
34
92
-93
33
-46
-86
-23
76
-95
-78
83
-10
81
97
-2
-20
27
62
-66
-67
-54
-15
61
-65
-95
95
-97
27
3
7
93
-19
59
4
16
-47
-96
-91
40
29
96
-23
-81
93
-23
-61
-86
26
13
-72
-13
-28
-68
-19
11
-82
-86
-52
58
98
-27
12
-53
-41
-46
69
72
-18
-99
-56
97
-57
-34
34
-33
-19
92
-49
-56
-50
69
-53
26
-44
-25
37
-62
-20
-34
-17
-82
11
-76
4
95
49
-66
84
-91
-61
94
-64
67
85
-77
100
-42
96
95
-37
73
91
-55
-81
-3
-8
60
96
96
-23
-2
15
-50
5
-2
-23
-4
34
-20
-84
55
16
-72
4
-1
-83
-94
-29
-12
3
-15
37
-75
8
-28
9
-82
-67
-67
-81
92
-43
88
-68
13
-67
76
-25
-36
-40
7
86
-63
37
40
-90
-20
-37
-14
-85
-4
67
-31
43
24
89
-78
-17
87
-100
73
-59
-10
-46
-28
82
66
67
-21
77
3
-47
-33
-54
4
-35
11
-92
-35
40
7
-19
-64
97
-36
40
17
52
-61
29
90
52
-92
71
-77
-40
-62
-86
87
1
90
7
24
-42
73
-2
2
-68
35
22
-52
74
-50
-95
-31
-32
7
-34
100
-33
57
85
56
-36
14
5
75
-76
-94
83
10
47
86
-80
56
-56
20
-78
-74
-24
54
71
-40
-46
-90
94
-2
77
44
60
11
31
42
13
-67
62
-84
-19
-96
-10
-48
-85
60
-26
76
47
-17
-67
49
-30
-36
-90
-90
50
-98
61
46
87
49
-89
58
-43
30
15
76
-54
-80
-89
-31
7
49
34
33
41
-75
-83
-76
-45
-95
46
74
35
56
46
-44
-39
25
81
-6
-94
-83
-55
-33
3
-26
33
-38
-98
-18
-6
82
65
-21
11
20
42
-19
25
69
-4
90
60
-93
34
-73
79
60
30
-47
67
-63
58
-14
98
-33
-36
-100
100
-82
-86
-51
8
70
-73
-32
-17
-86
42
-50
-65
38
51
4
46
61
-63
11
99
75
53
31
25
-51
-16
84
14
-89
26
-84
87
-79
78
64
-74
8
-3
-69
77
68
-52
40
-89
78
56
-79
-30
72
-5
22
55
-36
48
3
82
-1
-85
92
93
-3
11
70
-57
90
51
23
66
-86
87
-92
-49
-97
-100
-40
-49
57
-79
-39
-42
42
-5
87
-9
84
-8
-100
-93
20
26
-35
-83
58
-100
-4
92
-94
-37
-65
-45
-42
14
-32
66
-68
-24
-21
-87
-90
-59
52
65
-89
4
1
-60
-35
-94
-42
51
-85
74
51
84
4
32
76
31
-23
52
-25
46
68
82
76
59
33
51
-26
90
50
-5
37
-48
25
70
-42
-79
61
-63
13
19
-84
-50
100
12
-35
61
-39
-50
-90
81
27
-65
72
25
10
82
7
-55
54
65
99
-24
-72
18
-78
-56
65
54
91
73
88
-71
-73
-46
-36
-13
-66
-81
-22
66
58
43
26
-83
89
-44
-7
-85
-29
93
-30
-72
92
3
-26
-37
17
97
-74
-68
53
59
-82
76
75
2
3
-15
-25
18
36
22
-10
89
20
50
-85
-94
47
-87
71
26
100
-99
20
36
-7
56
49
-22
-94
62
54
13
-90
-35
-16
-89
24
-25
-23
-83
66
46
-81
-7
70
11
-50
-79
87
-68
16
32
-55
79
45
-100
-14
66
23
48
-76
-58
57
-3
47
93
-42
-90
-42
-47
-68
76
-45
39
-3
20
-99
-87
-3
-67
-12
6
-73
-16
-53
-74
16
-64
36
-95
93
98
11
51
68
-67
-50
42
-35
61
-92
-91
-17
45
77
-68
-90
39
-4
15
-84
-1
-52
-77
-51
-22
42
5
9
71
34
95
49
-95
49
-63
-11
48
25
22
-100
55
22
22
-50
-62
-34
-95
-33
80
33
39
15
-85
-48
-73
94
-20
-54
-62
-89
59
29
-40
70
-21
36
17
-34
55
36
-49
18
25
40
-26
-7
-99
36
34
44
-87
-15
1
13
55
-6
-86
64
100
34
70
-52
29
-98
-21
-13
32
-95
78
-23
-3
84
-38
-92
-100
2
93
46
75
47
48
40
-9
-25
2
52
55
-78
42
-65
-78
-100
-99
-12
-45
-63
7
9
-29
25
76
-93
-92
86
50
-19
80
-15
-18
100
16
-17
44
-50
84
11
25
-86
-98
-48
-19
93
-12
32
-72
21
-80
49
84
-54
-100
33
-19
78
56
35
-44
-37
67
-1
64
-36
46
-50
72
-54
57
-33
-88
39
28
-49
-66
-62
-20
98
-8
60
5
5
-89
-49
-97
29
-4
-95
86
16
83
17
-34
-29
-86
72
84
-97
21
6
-32
-94
85
-41
-62
19
3
-86
31
-87
29
81
89
-100
14
81
47
-11
-63
-42
68
-39
-92
80
-56
-70
-50
-78
-78
-51
-58
56
-53
47
47
7
67
20
18
-60
-83
-61
-83
92
-60
8
76
1
-90
-26
-95
-50
60
82
-35
43
96
59
86
-57
5
29
-50
-4
-94
43
-38
-76
-63
-52
-90
49
96
94
-79
-34
27
33
78
-46
83
11
58
-45
77
31
-79
97
43
-97
51
-72
-18
-62
2
-31
-65
-11
-42
15
48
-65
-24
-1
-1
31
-29
-10
29
94
-57
-2
91
-39
44
-4
26
50
88
-25
-36
-37
-9
65
16
-19
-99
6
51
30
86
100
-99
5
-4
18
72
56
47
-72
63
-24
61
-76
56
-82
65
94
-42
-4
-3
35
-74
-85
81
-82
-87
43
-21
-93
3
28
-55
71
-45
16
-54
29
-60
69
-23
-36
61
92
-32
54
41
-56
96
-30
9
-22
29
16
-56
-60
-33
49
60
-22
-37
-26
15
24
10
88
90
25
62
-45
56
-11
36
-69
58
-100
-14
97
89
70
-73
43
23
53
31
60
-70
-67
10
-94
91
-82
-26
-82
-80
-89
-13
10
66
-51
-13
-90
27
87
80
-61
-25
61
69
-20
58
-78
-68
-46
-73
-60
-3
-72
-54
-4
71
12
92
30
-97
21
72
-44
54
91
-39
34
-35
43
-17
-29
54
62
55
54
-28
-42
-76
-81
41
-45
65
37
3
87
57
-45
-13
-12
31
-21
99
-82
-64
91
40
-8
65
-44
63
37
-92
-37
100
-44
25
81
64
93
-72
26
93
3
64
66
-72
34
96
-30
-23
75
24
2
2
-23
19
-9
88
-37
-4
-20
-81
-33
100
34
38
16
-79
-53
-15
-29
-58
39
-98
-73
-50
-97
76
24
-37
43
75
83
23
-89
2
70
-78
-42
3
1
42
-76
28
-7
14
-69
-8
72
-79
-83
97
-42
100
-44
55
46
-41
71
-76
-90
73
79
43
35
96
77
55
-93
52
-38
82
-16
35
-23
3
-57
-18
-80
18
-42
43
68
-2
-48
-48
22
-77
-40
-40
17
25
53
-40
-85
51
-61
84
15
-99
-94
67
-18
42
47
-44
-26
73
53
50
-78
75
31
26
-99
-32
-55
41
66
79
12
-45
50
-71
97
-99
-56
28
68
38
38
-73
-93
49
-86
91
54
-28
83
-88
-16
-51
-72
-32
66
-61
93
-10
-65
-1
4
48
-63
9
26
98
-99
4
-4
9
-12
82
-35
31
15
47
-30
35
5
39
90
1
60
21
-42
96
74
96
94
-52
-82
25
29
53
-41
-15
-16
85
-74
-14
10
-3
-57
11
-60
-95
72
9
10
-28
28
-58
-56
-71
10
-51
90
-40
36
-91
-81
-73
65
-78
-34
-91
-49
-53
26
-75
29
-82
-10
18
-24
15
-10
-11
-9
-17
59
-54
-80
8
-5
-62
-73
-45
-75
-88
31
-69
8
86
13
-66
-68
-58
-6
-16
59
24
-79
-42
86
100
-42
-78
71
-17
80
-85
78
36
-16
-78
-49
94
-20
-77
9
-10
48
89
72
-99
-98
-12
38
-36
16
-94
49
-13
-67
-25
15
-95
-14
85
-7
-63
-36
86
31
-95
35
-62
99
-38
57
16
92
-78
-58
94
49
7
8
-68
-24
9
68
-16
-32
14
6
47
-24
77
-14
32
80
-4
-4
60
-11
9
74
46
12
-25
-64
-38
-28
36
-67
23
-21
24
71
51
93
-96
28
87
69
45
-79
-69
-99
86
-51
-54
-99
10
80
71
12
-41
-49
61
-73
46
22
-22
-71
95
-22
13
29
8
35
21
20
51
-22
79
27
50
-66
-5
58
43
59
86
57
92
74
43
-27
-59
-94
47
-99
48
79
59
-61
59
77
-9
41
69
-49
-41
82
40
74
8
88
95
-16
51
-48
-22
72
-91
19
-62
29
-21
89
-100
-82
55
-78
79
76
-18
-64
94
-87
-11
-85
-5
20
-40
56
44
58
-90
-37
-62
-63
-56
-8
43
8
74
-79
85
-48
81
64
53
34
54
-71
76
-10
-13
50
26
-23
-72
-9
-45
-46
-39
77
-12
78
-51
33
13
-89
-69
-15
-78
-21
80
39
27
46
5
52
92
97
72
90
94
-83
20
-45
-41
38
-62
19
-18
-74
70
67
11
-17
-82
-29
78
27
-77
-88
-8
-9
-27
12
-83
81
58
4
5
-39
-97
-91
90
-98
-1
30
-68
61
25
19
74
47
-11
-55
-65
-84
-49
96
-6
89
19
4
15
-97
-57
38
16
43
39
70
99
19
47
18
-40
93
-71
10
-45
-15
72
52
-58
-62
-73
60
12
52
50
-15
-61
-63
-64
32
62
55
74
87
-88
38
-79
31
93
21
-81
-62
-89
7
60
28
-29
-88
-31
-23
-48
81
-10
-85
-24
-42
62
77
84
-55
-6
75
57
-35
-93
98
-63
-76
65
-53
93
-16
-97
14
20
25
-76
-24
-9
88
94
19
24
51
35
64
14
43
46
-89
-9
59
-4
40
-13
-57
-2
85
-38
59
-1
-94
92
-63
-55
44
-54
-65
-72
-30
18
-58
-80
36
-64
-61
4
78
81
90
46
51
31
-88
-17
-76
-4
9
99
-20
47
14
-84
-75
36
-63
-12
24
-5
-76
-86
-84
-41
-30
54
-89
99
-79
82
3
-81
85
-86
15
-43
25
18
-90
100
-37
-91
-57
-42
-50
45
17
58
-60
90
-87
20
8
4
88
-81
-3
42
-59
-66
55
37
2
-76
-41
17
-15
-96
97
85
-62
-9
-27
-94
91
48
-23
12
77
61
-40
-37
51
58
63
12
-31
-58
-74
-46
53
50
56
57
-28
-67
-1
8
83
32
71
80
76
-5
69
-51
73
-11
1
33
-97
16
68
7
16
28
-47
95
48
-72
-53
85
20
53
47
79
29
-1
-46
55
4
-82
-10
67
-20
82
-79
57
-19
-85
72
-48
-79
65
78
-83
-100
-62
15
-55
-27
45
-59
-22
100
-83
-19
-63
64
95
-85
-46
88
19
-77
-38
-64
60
67
-19
80
54
-72
-45
37
85
57
-2
-80
-51
-52
71
-58
-38
90
-27
24
93
67
-38
36
-26
-97
-33
53
88
92
53
-77
42
-40
-13
-34
-34
-34
-45
93
14
-44
28
-25
-77
45
-37
29
97
92
34
1
41
68
-31
-89
-73
-3
5
86
23
-83
-24
-27
76
-41
-77
36
-37
95
42
-24
90
2
-23
83
-43
96
-85
-17
91
-24
-16
-89
-14
-29
34
-84
5
-81
46
48
-22
-18
35
-72
89
-9
47
-99
65
-67
11
-85
-25
97
-5
42
-37
100
-59
-49
48
-49
-38
-1
3
-25
65
66
-45
39
-81
4
58
41
18
-70
15
-8
38
23
11
-10
-33
-71
-16
-85
-85
21
-50
74
-62
46
-4
-28
100
-8
98
-45
90
74
-51
-22
-6
17
-2
-30
-79
35
-15
51
39
-60
-60
-9
33
35
-87
84
-97
-94
24
-44
-34
59
39
-65
33
60
-31
5
61
-44
59
-74
98
82
9
72
78
-73
86
12
-49
24
24
-54
33
10
-5
14
48
66
74
-14
-35
30
44
-78
85
98
-87
-43
-69
9
58
-75
42
-87
-96
65
84
-20
-30
-1
6
41
-29
-78
42
-92
-74
56
60
-10
95
86
-65
-3
-68
-36
37
-37
20
-94
95
-60
14
-46
59
79
33
-63
44
-68
55
-71
-6
84
-85
73
96
-56
83
74
70
41
-18
-63
-38
-4
-54
72
-67
-38
64
-39
-39
18
72
51
91
82
-100
3
-43
-46
-19
80
43
-86
-10
65
70
16
83
38
-52
-36
-94
-21
25
87
82
2
66
35
2
-65
36
-100
19
37
-67
-47
-90
35
-98
-92
-28
-13
-57
99
84
17
91
60
68
97
95
-9
-84
-55
100
50
-81
79
93
-14
4
-58
-23
46
33
3
20
49
93
-36
-37
100
-85
55
-79
24
-16
-14
36
55
80
-40
16
98
28
-95
-12
-34
-76
69
-42
-18
-16
-52
62
76
-66
15
1
-49
-61
77
-52
-53
-4
-40
-76
-20
-12
25
28
8
75
-76
77
-60
-9
-41
-44
-43
-14
-59
-20
50
-82
-48
-63
-23
-78
91
-16
82
67
93
-17
-26
53
-96
-45
93
16
74
-82
-42
93
53
-33
96
40
63
48
99
85
-67
46
55
-76
27
-81
-95
35
-57
58
15
63
35
68
45
-80
-72
-79
6
27
87
3
16
28
-41
-85
-31
-52
-4
37
98
-91
-8
-5
35
50
-66
30
-31
-95
-29
-81
-25
41
91
52
-91
13
-1
-92
-36
22
-66
84
-71
-83
-7
46
-31
-14
66
2
-74
19
-44
56
-26
1
-64
39
45
-45
89
-98
-37
92
-11
-96
62
-31
17
-35
54
5
-17
-43
16
75
-25
-79
-25
100
40
98
-51
-48
62
-45
-6
68
-58
-18
-19
-63
99
79
-54
-91
58
-41
90
18
-63
88
-87
-88
3
3
-9
-71
63
-53
52
70
-35
-39
-98
94
84
-99
-86
9
-46
-57
-83
-7
-83
17
18
-22
-14
-7
75
4
66
69
-99
-84
-78
93
-18
-89
-5
76
25
58
32
21
-14
-6
-24
-71
-16
-30
34
67
5
-93
85
99
25
-49
41
1
-94
50
-9
-79
41
-80
-79
13
21
98
52
-87
69
3
89
92
23
-44
-14
20
82
58
-20
-62
40
81
-30
-65
-60
63
-33
98
-13
15
-55
90
-11
66
-16
33
-73
32
54
71
62
-96
-37
18
-8
90
-26
30
-50
63
-14
-29
-5
92
23
-71
54
42
-81
1
-10
-53
-76
-95
34
99
-77
-50
-71
-61
-83
-69
30
-43
14
17
77
86
85
-19
71
49
56
-81
-88
84
72
77
-68
-46
-100
47
-97
-73
4
-59
45
87
-57
9
13
28
65
90
-44
20
-32
-54
60
-71
20
-52
-99
72
94
-47
25
21
-96
32
-54
37
-47
84
17
32
33
56
78
-54
-44
-58
63
20
36
-21
50
64
-43
-87
-94
-8
61
-70
-82
-79
12
62
90
-21
-68
32
18
-76
35
74
88
69
-70
-94
68
74
-44
-54
-92
-13
17
51
-82
-22
68
-11
26
56
-46
-63
-82
-95
6
34
68
-60
60
26
-62
20
-1
-97
-39
77
68
55
73
-91
-79
90
-61
98
13
-64
82
-16
-34
-83
39
67
79
-9
-11
-71
29
83
-30
-50
59
4
-75
-92
85
-2
-53
72
78
-55
81
-71
31
76
14
-60
-62
40
24
49
-90
25
50
70
33
53
85
20
-1
-45
-75
-52
-71
15
-24
97
-21
14
79
-13
-28
27
-46
-26
-3
8
28
54
-97
68
-26
-88
90
90
60
28
75
-15
49
13
-64
-26
17
89
-73
40
-10
-19
52
-83
-96
-100
-77
12
-62
9
22
21
-80
-8
-32
-51
22
-82
20
86
43
-54
68
40
-12
21
40
-37
60
-72
27
90
-64
74
-55
60
46
-71
-39
-88
-74
73
-67
-26
38
86
62
-47
-76
-28
98
-75
25
31
38
25
77
29
70
97
-9
49
45
-39
-51
-59
-85
-36
-54
95
86
58
27
-55
-39
-37
-39
23
38
-13
69
-92
95
-99
94
74
91
83
-34
-91
-72
48
-7
39
40
17
36
-13
76
11
39
28
-59
-73
-86
52
-37
37
-34
-56
69
47
-51
-57
83
-7
-17
62
-7
-16
-66
7
-23
-93
37
-64
-82
-67
61
-67
51
6
-74
-42
89
-29
-98
-2
93
-44
-89
-11
-10
79
-77
21
48
34
19
-38
-15
66
-93
92
79
89
-91
87
73
10
-91
-81
59
13
30
79
32
-1
-20
-88
-56
-59
100
-5
-65
-81
48
37
41
-32
-21
-86
-23
-85
61
24
70
6
85
76
17
-50
-79
45
-83
-48
86
65
92
-65
56
-71
-65
93
-98
65
35
45
95
54
-91
-32
-45
-23
52
-46
-51
-33
31
6
-48
-25
-35
88
73
-68
-5
44
-67
-38
73
78
-94
-70
-96
81
-60
-100
65
28
-94
-90
68
97
68
-22
-70
-67
42
23
16
68
-80
-59
40
86
23
-70
-93
87
-78
-36
55
33
-13
-25
29
-24
-72
-68
27
-98
-85
-77
69
10
-35
47
5
100
-63
-18
10
-67
48
-48
-91
-74
-53
42
-92
-83
-36
-9
-47
67
92
43
-82
54
-68
-10
61
-99
-59
-64
12
13
53
84
-3
-41
-81
90
99
-13
-40
90
41
-1
16
-9
73
22
80
77
-61
29
51
-93
-88
-19
-20
-79
36
67
78
33
-74
43
-43
-78
-72
8
-31
16
-67
-87
75
87
20
-54
56
37
-57
10
-64
-16
-37
35
-50
69
-82
40
33
-75
80
-80
21
-4
-59
-56
-62
18
62
2
96
-67
96
-60
-27
-48
40
-84
82
52
-16
19
6
-42
-9
-18
-26
56
39
-98
34
-46
-21
60
-7
14
-19
37
-58
19
-87
-46
8
-77
95
84
-59
-21
-7
30
-89
23
-35
92
-60
-22
-8
40
57
53
-97
-68
-85
67
99
98
-12
-28
-74
-28
76
44
-41
-60
-46
14
-54
-68
-21
-70
-89
11
35
97
73
-51
69
95
82
63
-38
-86
-16
87
-17
-86
91
64
82
-27
-31
-23
1
-12
-74
-17
-88
3
-94
-21
31
84
-49
66
47
38
33
6
37
-2
74
-40
3
-72
83
19
67
74
1
35
13
-34
84
-65
-8
-33
-85
73
-14
-68
-14
-64
-50
-16
94
-19
-76
-10
64
12
-6
16
-28
23
-82
-62
-58
-91
-15
24
52
-70
56
-2
23
-84
35
60
-62
11
93
-72
-13
51
23
71
67
94
-78
-71
76
-90
-21
70
-46
90
-32
-21
-94
-39
-86
-63
54
39
44
80
31
-91
57
-72
4
-88
-55
31
90
82
-71
-99
-65
-75
98
37
-75
22
32
20
-86
34
36
13
-10
-96
75
46
-33
58
20
-39
-67
89
5
52
-28
100
-68
38
-17
12
-90
27
60
-7
11
24
-42
-58
28
83
-89
80
-55
-5
37
-90
-63
-15
74
8
-1
70
77
-79
84
-14
98
10
-11
46
57
47
79
-63
94
72
-79
67
82
-89
-33
30
-46
-2
-91
56
44
-25
-97
-29
-68
50
-54
-31
-21
-82
61
23
25
-84
87
-38
53
-54
-39
73
61
60
1
60
53
35
-54
-35
62
-78
-70
27
-92
-62
88
17
18
-64
-75
16
87
68
-35
-28
-19
-42
91
-2
33
62
9
81
-31
48
-47
7
-46
-66
58
2
-2
-57
-30
86
-79
61
50
-53
-25
-55
-37
45
65
72
-53
7
-25
-60
-40
39
-21
-41
-57
-68
-92
-79
47
66
79
60
20
9
26
-22
-18
-82
36
3
82
80
21
38
8
90
31
-16
37
-94
-98
-58
17
-1
-29
-54
-19
72
-50
19
81
-73
16
-31
10
-26
98
-35
-84
-21
69
14
-60
-6
13
-1
86
-48
-85
64
-48
18
80
90
92
81
97
7
91
86
15
-2
75
44
-70
-42
-38
-92
1
64
69
59
80
-77
90
-16
-91
-54
67
-62
59
74
-60
58
-39
-27
17
-84
-58
40
-19
48
80
-48
-32
-75
81
-94
-61
53
84
-92
46
-65
-84
21
21
38
30
72
60
-89
-70
100
-86
-39
-7
-49
-4
-13
-32
12
71
-100
80
98
-98
-47
60
-61
87
-8
89
81
54
34
-75
28
-15
-55
-22
92
72
21
13
-16
68
-49
11
-36
-43
-68
37
-97
65
-66
9
-58
-39
-86
58
-89
-6
50
-7
-86
-74
83
12
100
-77
-76
-90
55
-19
64
-63
-70
-77
-81
84
72
84
-23
97
74
32
79
-66
-8
9
27
-93
83
-8
40
51
38
-27
17
-9
-73
-62
-37
25
-77
-61
-53
-70
-46
-45
-17
-5
55
-23
84
-76
-56
-26
-75
-45
9
68
-91
63
64
71
-5
75
66
20
20
-22
-73
-91
-69
-59
-100
-15
-26
28
-53
4
-15
-43
64
-22
-68
74
-94
65
6
83
-56
74
30
81
-61
13
-37
76
-53
86
8
-36
-45
37
-21
-87
-74
-65
-4
16
30
-43
-3
10
45
70
29
-88
-69
-100
59
-4
-86
62
-87
59
82
71
48
-60
-57
-24
-88
91
-65
3
-53
-86
-56
80
-71
9
75
-95
63
51
-68
-73
-10
-53
2
2
-100
-28
34
83
20
-90
-100
52
-85
-100
-26
73
-61
24
-45
-92
23
67
76
-72
-33
70
-5
48
-30
9
71
15
-19
-44
61
33
74
74
100
48
84
-76
-50
79
36
-88
-29
-58
-98
23
-86
65
-65
-69
-85
-83
39
-86
-9
-98
70
50
45
-86
-49
-19
-7
18
21
71
88
-52
77
83
71
-62
10
79
65
-94
34
-22
-24
-77
7
22
17
82
95
-25
-74
6
71
-62
-23
63
11
-66
61
-15
-25
-62
92
-9
49
10
-9
64
-35
56
66
-89
-22
-69
77
3
17
-39
20
-99
65
95
-93
41
-2
37
75
-60
66
-64
74
25
-63
-29
-78
-35
97
91
-41
90
70
-72
-90
-67
76
43
82
-88
68
-70
74
26
91
46
-61
51
-13
-95
53
9
-89
77
94
-79
29
65
-51
49
24
-86
-35
-46
47
-7
-32
-33
82
-26
-6
-60
35
-8
69
48
40
-64
-30
96
-43
14
59
-47
-15
76
75
19
18
16
-65
-8
-32
-94
57
-10
-35
27
40
-21
27
-53
-30
-97
-80
-83
-51
-74
-83
-48
80
-9
94
58
-5
24
8
-59
66
72
-62
-23
28
-16
-91
54
-2
-45
85
-48
-40
-26
9
-77
-16
-82
-26
-24
-13
97
70
8
-75
-24
-42
74
5
48
-68
-1
18
-83
-25
52
-35
24
-60
63
68
-2
61
11
-5
40
-3
-13
12
-17
-9
-76
80
75
-93
36
-97
23
-57
-89
57
-7
-60
1
-34
43
73
71
-31
-59
69
7
83
25
54
-87
36
-33
-81
65
-2
68
-76
-96
39
23
-3
-20
54
81
53
24
-28
44
-99
-89
-18
42
57
-21
65
66
43
81
31
-22
-30
-54
42
-64
-2
54
18
-57
-57
27
14
-39
38
-86
60
-30
64
-22
-27
-80
62
59
-27
-8
82
73
-17
-51
41
-75
64
39
16
58
-29
30
80
47
-93
87
-8
-95
-14
19
-80
26
90
42
-70
9
-50
-99
11
-41
-27
-51
38
19
44
-93
14
-75
36
-4
-81
-19
-50
95
-95
50
70
-59
-21
71
48
38
-83
20
-18
-46
96
16
-28
-93
-94
-50
-58
-36
83
74
25
8
-53
65
-89
21
-95
57
77
29
93
-18
-18
71
-97
-4
60
-20
-4
-74
-27
89
-21
-59
-52
90
-97
-64
-48
16
64
48
28
-79
-32
56
-31
38
-40
-30
90
-74
66
-76
-4
54
3
-84
-33
39
-14
87
64
28
-57
61
-11
10
-35
100
-87
15
-69
98
92
62
33
-51
92
67
84
68
-79
-64
96
57
6
-91
43
8
-65
-35
44
-28
99
-1
36
71
-96
96
-43
17
-47
98
64
39
22
-82
58
14
29
-47
59
46
91
49
48
-10
-50
89
54
-54
43
-43
-69
6
74
-52
75
55
-31
-6
-83
-7
-90
-33
93
61
-79
27
-52
-33
20
70
-35
-57
-29
-40
-74
-12
-35
-43
67
-69
78
33
-9
-13
50
6
-51
69
-57
98
-2
45
42
26
27
86
-60
-10
24
-81
37
27
96
-36
49
91
38
91
95
42
-99
-94
62
-73
-28
6
33
25
-38
29
95
-47
-47
83
-17
72
12
2
53
47
66
-37
-13
93
-27
-35
-60
-94
47
79
-21
-63
-94
12
97
-79
-6
-78
-35
80
72
-45
91
-84
43
63
-49
-32
100
-3
-23
35
-82
25
12
98
30
94
35
7
-36
-75
49
46
61
-89
13
53
-35
30
91
38
41
5
98
-85
86
80
-38
-9
-78
68
-13
14
7
38
-73
-47
-81
69
14
-86
-77
-49
14
60
96
84
3
-93
-95
40
98
-1
-72
-98
90
87
-34
-98
44
65
29
37
7
9
-68
-60
-41
-5
64
-69
36
-70
15
-42
27
-18
-76
-42
-86
-62
1
-64
27
31
-77
86
-15
-48
-20
21
91
26
44
-35
-15
74
-60
59
-52
-41
56
-87
38
-42
-53
53
-43
-82
3
43
-81
80
-9
49
95
-20
-31
-59
-11
-48
-52
66
68
99
-2
-27
77
-7
-3
-99
-67
9
98
62
-3
-14
-13
-85
68
-97
-76
35
46
33
73
-82
-9
-21
-42
54
97
-81
58
43
-57
48
37
61
-1
45
-95
77
52
-18
-98
-34
80
90
-26
-7
99
83
62
70
58
-20
92
-53
-4
32
73
-9
-20
8
-36
-30
23
-38
56
49
-20
-1
-25
100
-94
38
83
-88
-46
28
92
69
-1
-11
70
-24
-40
-44
-25
-98
8
7
-6
-20
4
8
6
98
87
-86
29
-31
33
-27
10
44
87
28
15
72
30
58
54
-60
-82
29
23
-97
78
-18
74
36
90
11
26
35
-88
-38
31
64
25
-36
14
46
94
22
46
-10
-31
-27
18
75
83
84
69
-20
-95
-43
74
74
95
-81
-7
64
-26
-51
-34
-86
-21
20
-78
40
92
42
77
46
100
66
34
6
-65
-52
72
25
79
48
71
-64
-11
61
37
-29
-95
-64
46
36
-39
71
44
83
-71
-44
-89
-37
-80
83
-37
27
98
-45
-20
19
-28
-23
10
18
58
60
-99
-11
86
-94
88
-29
47
-81
29
-58
-61
-68
31
65
74
-84
-75
11
-31
-20
-98
53
-44
73
-20
-57
82
92
94
-35
-25
83
-68
-88
-92
89
65
38
6
-28
26
-26
-84
-60
-86
87
-97
61
-67
81
18
76
35
-44
19
9
-43
25
19
46
-86
45
-32
-31
72
-39
34
39
-4
50
-77
-50
-92
42
-61
14
-72
-3
-28
76
-10
46
-83
29
66
44
-88
33
-1
35
-34
-18
65
66
95
76
-91
27
-33
50
63
51
26
4
66
72
64
90
80
-32
76
-62
71
-36
4
59
19
90
-24
-11
-56
55
-31
23
-7
49
-23
-33
71
-17
-71
79
61
-57
-75
-26
-7
86
-37
93
-60
-73
49
-62
-98
91
33
-51
98
-50
29
-69
-86
11
42
47
-15
97
-79
39
-4
33
61
62
-76
-56
-67
-53
69
32
35
-52
-83
-70
81
-26
-86
-3
10
-100
-96
-6
-15
-12
-41
25
-28
-4
86
-6
87
14
-84
-81
-100
-73
-1
-57
100
13
18
10
66
22
23
99
52
77
-42
-24
-21
-73
14
5
-38
-19
53
-37
83
-10
67
3
100
63
1
-48
72
6
75
67
-14
86
-71
61
-30
-87
-45
84
79
94
-51
-54
-56
27
-23
-15
-80
-35
58
-27
44
-96
85
64
98
-22
57
-34
-63
99
84
70
-77
86
76
-85
35
69
-51
-13
79
92
57
-18
2
-19
-22
-1
-28
96
32
23
2
-1
40
6
-51
-3
24
5
-75
-33
10
49
31
8
63
4
-60
-78
34
80
-69
91
-76
54
-64
-44
-30
62
15
-97
-79
-90
80
39
-99
-42
41
62
-67
12
11
73
91
-54
87
-46
-24
69
27
-78
-6
38
35
46
-7
13
-41
92
-42
74
-50
23
9
-69
-46
-85
-82
98
28
84
-86
71
97
40
31
-90
-39
-98
43
48
-6
6
-45
-68
-13
-14
-37
-4
-54
66
-2
3
-34
62
-78
9
21
-91
91
66
94
-27
-99
-22
-54
-10
55
-69
89
90
95
-62
-51
-49
4
-45
64
-23
-83
-26
95
27
-54
33
-33
61
29
40
17
21
63
15
-16
-15
-90
1
91
-66
10
98
-56
23
96
82
-90
48
-38
-72
30
-20
74
-33
31
20
41
51
-68
-30
-64
-84
-80
81
-62
-94
80
-100
63
-12
62
23
58
62
37
44
-18
54
99
20
-8
-29
-57
67
-30
-61
-61
-36
18
-31
-94
68
-43
-96
-81
-6
-63
96
-28
90
-87
-62
89
51
-36
2
60
28
-67
32
79
-68
87
76
10
-18
-84
-44
24
68
21
94
-8
-48
32
24
48
-90
71
-7
14
66
-36
41
-97
-71
-10
87
96
93
94
72
-85
22
11
-1
-44
19
87
17
71
41
-24
-8
-67
23
56
-34
-39
-64
57
-20
-56
97
-51
49
19
-5
68
-46
12
21
62
5
20
-86
56
-14
91
-16
-89
65
-23
-55
-70
-14
53
-51
-90
36
38
32
29
-15
17
55
-9
57
-39
-4
-71
74
72
-11
-65
-69
23
36
43
-67
-30
-70
-81
-67
-19
-45
-18
-88
-73
94
71
11
-20
98
-52
9
70
67
-93
61
63
73
-25
-40
52
-65
44
74
-29
-86
-78
100
-15
81
5
91
-53
-34
-78
66
-88
50
-99
-14
-6
15
-32
97
-5
27
35
49
-85
-25
-16
24
-84
86
78
-63
23
42
-40
-89
19
-71
19
48
28
71
-45
50
35
-63
-74
100
-27
15
-25
-48
-4
-94
-90
95
68
93
-40
31
-8
-82
-24
69
94
6
-9
-4
44
-62
18
78
23
-14
56
95
-44
-40
67
-88
-61
-14
-59
-51
13
-56
-38
-17
54
-71
-40
80
-85
-76
-58
-99
17
-41
-55
31
41
-94
41
-69
64
-59
22
24
-52
-80
75
45
68
-5
39
62
-87
98
-68
91
-16
21
23
60
49
-65
84
12
70
75
6
78
-61
-41
-62
68
66
-83
79
-58
-50
91
72
32
-31
-16
-30
10
85
-9
28
21
-17
89
58
-32
66
43
-39
-24
73
73
-82
-52
-75
-46
31
7
-81
83
31
-30
4
58
-71
-1
80
2
52
57
-93
62
-24
-6
89
87
-29
35
-15
46
-22
85
30
-5
87
-5
21
-62
58
-51
-39
-95
-30
42
-20
-89
37
53
-28
68
83
93
-65
-56
-29
97
-90
-37
-43
-80
35
-98
-38
15
-12
92
71
-52
-47
12
-29
-58
2
27
-94
-29
-79
74
-52
71
68
-16
34
40
12
20
-39
36
-41
-18
-59
-17
50
-90
87
-17
91
-69
94
-90
19
43
-7
79
53
-69
36
-26
7
27
37
-18
56
94
-39
-23
-21
50
-68
-23
-51
13
-66
-14
56
33
-55
79
-79
30
80
32
49
-69
-75
59
-76
6
-32
-60
-40
-22
-49
39
40
-76
-71
56
-10
32
-87
3
8
-8
-87
79
100
-42
11
57
77
-59
22
1
78
79
-29
-97
40
-70
25
64
100
76
90
91
3
37
35
90
52
21
-82
75
-52
-100
11
16
-7
13
47
-22
95
27
-69
-75
20
62
-70
-3
-10
21
-96
-65
-69
-38
-89
-37
-17
-92
-27
-97
-58
76
15
72
-11
88
-43
-47
-91
-62
-25
22
-90
40
-30
-18
-93
-79
-19
-62
-86
-76
46
55
65
78
-98
24
-95
-33
94
16
-16
89
-47
-89
53
88
-63
1
-85
-11
7
-19
-23
97
-17
-32
-99
42
-36
100
44
64
58
-8
20
100
24
-28
46
-92
-16
24
-42
71
-5
-36
-5
-72
20
-41
-48
-54
43
44
-91
31
29
-91
-83
-91
33
16
-59
62
-62
30
-74
-40
38
-12
-7
22
9
67
-58
73
-40
26
-49
-40
-30
-15
57
3
15
-75
65
-97
87
-76
22
-48
15
-48
82
-28
72
-34
-6
-4
98
-56
-88
98
84
59
-78
-22
43
-80
-100
-92
-25
60
-97
-6
31
-19
23
33
56
72
-54
2
-94
5
-42
-52
-39
45
-45
55
-94
-89
12
8
78
34
80
11
90
-62
-14
80
12
49
16
14
-25
56
34
-93
26
72
23
11
47
-11
27
-48
35
-59
88
36
50
81
-33
-43
18
-59
-78
-79
7
-51
-68
-67
-64
-18
-28
-64
36
-88
-18
-29
38
23
39
-82
-80
-32
40
-32
17
88
-74
-74
63
-91
-43
-28
39
81
-39
79
-95
10
-42
53
73
-1
95
48
-50
-38
-51
-30
41
-66
-99
78
-54
-89
38
-52
-55
-9
-64
100
32
-56
94
-59
-70
27
92
88
51
54
-28
-47
-37
-70
-52
43
33
-89
-43
-62
-25
84
-57
-5
4
70
35
-90
71
99
68
95
-59
-48
-72
-37
-99
28
40
32
-94
8
-89
-24
-73
72
50
6
40
-83
99
40
-78
-96
50
-12
45
-86
22
-70
-59
-45
-60
-15
63
9
97
94
50
-34
88
23
-83
72
98
53
8
20
-58
-99
10
77
14
-64
-99
-40
98
-76
-100
74
39
28
-37
97
-52
-84
-76
82
4
29
38
100
49
-6
87
96
57
-88
79
58
-73
-23
-26
95
21
-55
43
92
-11
-75
29
-23
-24
-83
-68
36
46
53
42
-37
2
11
45
42
53
16
78
-39
21
-44
97
60
97
86
21
-77
70
-79
58
-74
69
-8
28
31
-76
-55
-73
-87
18
-61
99
94
-32
-92
59
-26
-34
-39
-92
55
13
-29
53
59
81
-39
57
39
88
-12
36
13
-11
90
-25
71
100
96
-70
-96
79
-18
-52
-22
29
-1
99
75
11
24
58
4
33
-1
80
21
59
-29
-58
26
-89
-89
-91
71
-23
66
78
70
-14
29
11
-82
-73
-60
32
-70
-47
90
26
-7
-29
-32
-4
-26
69
70
25
-53
-77
11
-82
-82
41
-79
-63
90
-90
-74
-18
49
-78
-88
-12
-33
63
100
-12
-29
-59
-100
-6
43
26
-79
-89
64
-67
24
61
-14
83
18
57
98
82
97
-72
68
-20
-36
-61
79
18
-29
-49
61
-47
-25
-14
-39
-97
38
-44
65
-78
-72
74
-94
-12
59
-49
49
7
-22
-82
-83
44
-31
15
70
96
69
-54
51
38
-79
-66
2
-46
-80
-23
91
82
58
74
31
69
3
68
-9
-24
73
-98
81
-82
49
-29
-58
9
79
19
32
-7
99
24
-36
40
-84
-7
-49
-52
75
0
