-25
-1
50
-17
-86
19
-72
-5
8
-97
-3
-19
71
-70
-40
49
33
-61
34
-57
50
-48
39
12
-40
-22
15
26
91
42
-86
90
-11
-94
37
-95
36
48
75
66
53
-72
73
60
53
-4
-100
39
62
39
-70
25
-36
3
62
11
83
-100
38
-89
-60
58
83
-74
-87
4
-27
38
72
33
-11
98
78
71
47
-6
-12
56
-6
-84
-29
-69
78
99
55
46
94
35
-82
-10
71
100
-93
11
50
-58
-11
67
-39
11
73
95
66
55
66
-92
56
100
-13
12
-36
66
49
5
31
25
-25
65
99
-23
-50
75
-16
91
-49
-51
84
67
73
-61
74
58
75
-18
-92
66
91
-18
-62
88
-57
-48
-20
88
99
89
-2
-100
49
99
-77
86
-41
-36
41
-13
58
32
-52
-46
90
-82
-8
39
-50
72
21
55
-31
-2
76
72
-11
82
93
52
-39
-4
32
-94
4
23
58
-53
-44
3
92
86
-62
-17
-100
8
-57
99
20
-62
-37
14
-55
94
96
30
-99
2
22
8
67
-3
3
89
59
74
-55
-68
-81
-1
-52
-78
-23
94
-68
95
11
81
82
80
-37
30
-38
-84
86
-9
45
84
5
-38
50
35
38
-79
-56
-78
-43
-35
-55
-16
-73
-67
41
-3
10
-11
42
2
-52
34
-84
-84
30
-98
-28
84
-87
14
59
-11
53
-86
51
84
57
51
-92
55
7
63
58
98
1
-86
-89
63
-40
99
-76
-33
-63
-72
-49
-35
73
-31
51
-14
31
59
7
-20
-69
12
-17
81
7
7
-32
-93
-28
-67
-30
74
72
29
-99
-86
-23
-86
88
-83
-44
92
-10
23
-78
32
67
-43
31
13
2
-81
58
29
81
-65
10
69
-73
-21
-35
23
-70
-56
64
62
50
-22
38
92
-10
20
11
-54
-47
-69
98
-27
69
-17
1
-90
-40
-86
-71
-15
25
-10
82
81
7
-78
-78
96
86
75
75
54
100
57
31
-25
84
-48
-87
-80
13
-73
-65
75
-44
-22
37
26
-13
-23
64
34
64
-46
-32
-34
-55
1
31
-5
-49
-33
50
-84
58
-31
-15
-53
-80
-1
-92
-51
-21
-85
-76
56
80
57
-34
-88
23
-47
-76
41
88
11
70
-30
52
-87
27
86
-35
-16
11
85
99
8
-98
-63
41
-12
20
99
2
8
-96
12
-91
53
-68
-31
-5
-37
-41
94
-12
5
-70
-93
-71
19
-8
49
-5
31
2
67
33
-80
-76
63
17
-33
28
-21
97
94
34
70
93
62
28
-84
-32
27
16
-72
32
-48
46
-65
43
-23
-90
56
-48
46
32
9
6
30
25
-91
-35
57
-89
-30
-70
-72
18
1
1
34
-35
-26
-81
-57
-73
-3
-90
-97
-60
98
-22
58
-11
-20
77
19
-100
7
-97
-50
79
29
22
-8
-77
-8
-66
-20
-83
-95
-18
88
-37
-75
-9
77
4
84
-59
81
-79
9
73
57
53
-6
-95
-85
-8
21
58
-49
56
17
48
-96
19
-63
100
-17
56
46
-56
-29
39
-89
51
-58
50
-79
-83
-2
38
-43
-89
-91
-11
-44
21
-12
-70
-100
-28
-90
-57
24
-93
75
83
-63
-81
-34
-14
-81
80
69
28
-54
-32
37
-46
-13
33
10
3
-13
98
-98
-95
67
12
-55
52
43
92
-86
-81
-42
-58
-72
10
-37
-88
-40
23
-88
42
-39
-49
-99
-74
66
-55
-16
-34
43
67
-70
-84
73
6
-52
69
22
-99
-11
73
93
47
92
99
54
92
47
-38
-54
-97
-75
-94
-17
-61
-17
82
-84
-86
24
48
-17
-69
-15
86
-73
-84
100
-86
34
19
-92
-73
17
80
50
-87
-54
16
64
55
-74
-64
16
68
-10
-46
-82
-97
73
79
-100
-33
51
26
25
-39
-99
-43
-46
66
14
43
58
-19
-68
18
73
17
30
30
11
61
66
-7
-8
74
92
26
62
6
38
-35
-55
-20
1
-51
52
-6
98
97
-42
36
15
-77
47
56
59
53
2
-95
-37
-22
-90
-77
-21
45
-96
68
94
-78
-7
7
3
-98
92
-2
-15
96
85
-55
-75
65
-66
93
31
-90
17
-87
-99
-16
-36
-60
70
-66
5
-43
54
49
67
78
3
-69
62
-18
55
28
-29
-63
51
99
-22
-92
71
-58
-76
77
-6
41
-26
-11
29
50
-28
44
88
-7
-31
-36
-58
-90
-78
94
98
-58
38
-24
87
-52
13
62
-76
100
11
87
-28
86
-77
10
-40
-64
-43
18
47
62
-6
-54
-81
-23
85
-94
-54
95
-92
-4
69
65
12
-32
-89
36
-77
-25
9
43
-81
-80
54
35
100
-23
-95
40
-99
-16
-71
63
75
-77
78
-19
31
59
-75
89
-75
53
96
-54
-37
97
-47
93
11
8
-74
18
-12
-59
-49
92
55
98
4
99
-47
91
-56
-77
-22
-40
-73
-46
-70
-66
11
-13
86
63
-76
3
-30
2
78
67
56
-89
-68
6
-21
30
70
-81
-4
65
59
-59
-72
51
85
7
-23
17
-91
-96
75
-63
-55
13
45
-32
75
-56
-85
88
89
68
43
36
-19
58
44
-48
52
48
-58
-20
1
-48
-28
12
9
49
-89
-96
-69
43
-44
-58
-11
-54
17
52
44
-56
39
18
-26
-8
-54
11
-55
60
-12
82
-48
-26
32
-77
21
-92
98
38
-90
65
88
-87
96
-55
30
50
21
-48
89
-11
-79
1
-49
44
-59
-22
49
90
-40
-82
-2
-98
-91
47
12
-74
75
-4
-22
96
75
-80
-26
-73
81
39
13
-30
31
23
-76
41
2
-27
74
-32
-56
-28
62
-33
-20
44
-63
14
-36
-5
-11
-42
-53
-20
32
50
26
-83
-5
-36
30
2
1
-86
-88
68
-11
32
-84
-79
39
-98
12
12
56
-93
-62
94
15
-31
-8
73
28
-88
-73
-19
-64
-94
-40
81
-49
-55
-41
88
72
-88
-4
-76
-12
32
-38
-2
97
-38
-87
99
53
-63
-54
-32
-50
-17
31
-62
48
-67
-33
64
42
-42
75
-51
-47
-83
-51
-11
83
-89
16
-23
100
44
-1
57
-90
41
-9
-79
38
-25
31
73
35
-89
-77
89
-32
98
-12
-15
-78
-13
61
76
-64
-48
52
-24
-94
17
-42
-39
-80
65
56
66
3
75
50
40
-92
95
11
-71
-35
-94
-60
-17
78
-95
-27
22
-87
33
-48
81
60
66
-80
42
-18
97
86
-94
23
-21
52
-5
95
-4
-23
-39
55
-100
-41
-58
-97
8
-52
-71
69
-2
85
-79
-90
52
83
39
-74
-77
-27
-13
58
72
23
76
-22
-86
71
-31
91
-16
44
-54
-65
-79
94
20
9
47
17
-13
-9
-88
7
-56
23
-87
56
-72
7
-54
84
31
86
-99
-33
79
29
95
74
26
-95
-44
-96
-1
-22
9
-4
35
-97
17
97
-80
52
-97
81
59
-12
52
-54
-70
-13
-89
-85
9
72
-85
23
-97
-96
-9
6
4
-99
38
-80
40
-86
-84
-88
17
-8
65
2
-24
51
-75
-21
92
59
4
-64
-39
-1
-99
-27
46
54
-30
-80
17
83
8
-30
-96
-97
-1
-64
-63
68
-12
29
-25
67
51
-22
88
14
35
-42
-11
-35
-8
-48
-86
-70
14
-78
40
-93
30
96
-95
-32
34
73
-93
-32
38
72
93
52
-7
-14
-24
-66
-98
-44
57
-61
-13
-80
80
7
-27
-58
79
94
-34
-75
-52
25
47
96
-35
-39
-19
35
-80
-64
92
-11
9
41
33
68
-73
59
89
-82
-81
-77
-26
2
44
-49
-11
-81
38
27
-46
-17
87
99
27
-34
8
-47
-23
-77
-89
74
25
-12
11
-36
13
30
25
5
-47
23
69
-57
-61
-54
-28
-58
-71
55
85
-30
92
51
20
64
-58
-55
-89
12
-84
-21
-7
96
-31
53
-14
60
-74
-32
17
-40
59
58
93
-26
56
40
-64
38
-16
100
-72
51
-56
-67
49
-12
-4
86
80
38
7
-7
74
62
-98
-19
54
-28
-56
68
41
-71
-66
-72
-59
-21
8
48
67
38
10
42
94
-30
-92
-99
61
-98
89
78
15
41
-51
-38
-68
27
-66
87
-86
32
10
-11
-87
70
-21
43
-32
-49
8
-30
-81
35
54
-93
48
-10
25
52
48
-82
-44
94
47
-50
-80
72
-4
95
54
-17
-7
76
-88
-3
8
43
-43
-99
-49
-62
27
-16
94
24
93
-92
55
19
-19
27
-56
-44
-26
14
-14
89
-6
48
46
85
-27
61
-36
-1
54
11
-57
24
39
-25
13
16
62
21
13
43
3
1
6
-81
-93
30
-68
-84
-47
-40
-86
14
56
-58
8
28
-48
-34
42
-79
6
46
-92
79
-81
37
92
-67
90
-46
28
-33
-6
-62
22
49
-54
-92
58
16
-14
-97
37
2
13
90
89
96
-87
-46
-98
15
-66
90
34
60
73
36
94
100
4
-76
85
38
57
31
-40
-94
-95
-46
72
-94
-94
36
-82
-77
27
19
-64
70
-35
-56
12
40
25
-62
85
76
10
34
-65
-42
-21
-28
50
98
-72
-6
-95
-84
52
-43
-78
37
-39
-48
-65
-51
-30
-33
6
48
54
-40
67
-8
97
-22
43
-49
-29
-13
-88
-40
-5
-77
-100
97
97
-32
-39
100
50
-10
-40
40
33
-20
85
19
-99
-73
61
31
81
33
-75
-58
15
-35
-89
82
70
19
13
9
5
-41
-53
52
-67
-76
-73
7
66
52
59
-25
80
-58
-26
83
-51
-49
67
-85
13
-80
-100
-81
67
65
-100
52
20
-44
65
-21
13
-17
64
58
53
33
-68
73
11
42
-91
-82
31
57
-5
89
54
-27
50
-58
72
-26
20
-30
1
57
-45
-31
57
83
25
-85
57
-81
-43
51
-22
76
14
91
-80
92
-4
21
93
-99
-29
43
-85
19
27
-79
76
-7
-3
-60
-54
41
-67
-65
-20
-26
-29
10
57
26
91
70
62
-14
-73
-70
-8
-48
-92
38
-87
-23
99
-89
68
-85
80
-62
-33
33
35
-75
19
-86
-51
-19
48
9
-40
84
74
-54
83
-83
-98
66
52
-30
-28
64
-1
-95
-5
78
93
97
-29
87
53
15
-63
19
-68
-98
-39
-52
-41
-5
-48
-81
35
-80
-43
6
-90
-85
3
-70
77
-67
57
-26
-68
-22
91
-23
40
53
60
-89
63
9
-64
-76
40
91
-87
-55
89
-49
-79
31
73
-50
-73
18
-3
-30
57
-90
54
-90
-20
-21
82
49
-90
89
54
-37
17
45
73
-84
-17
-10
-70
57
16
8
54
-46
-40
60
-12
53
18
97
72
99
-21
36
-5
-58
-34
-72
-93
-57
54
-40
-60
89
61
11
-38
89
20
52
16
-85
-11
63
27
6
73
42
96
-49
89
28
98
66
82
22
83
56
3
-98
-89
-91
2
45
63
-87
-13
-60
-69
66
57
-23
-59
11
-50
-22
57
63
-19
-85
-80
4
22
24
93
46
-38
-7
-71
13
62
58
-72
-54
-86
66
47
79
61
-3
-56
11
-43
-41
79
42
83
66
-96
94
-87
-16
26
-36
68
54
17
-63
-56
55
-93
9
3
-92
39
83
-39
-87
5
91
25
58
64
-74
-19
-88
-46
-25
-17
57
88
-57
87
95
10
-24
63
-66
39
-98
31
-48
88
81
87
-9
31
-36
25
-69
-93
42
54
-51
84
54
25
-50
73
7
50
83
-52
10
9
-45
74
6
42
-50
-22
-90
28
88
-90
-12
-11
-41
46
52
-100
-82
35
98
61
28
55
52
100
-31
-9
-53
1
-10
-56
69
5
3
-25
47
-96
-14
63
66
9
67
-52
-75
-96
-23
36
41
30
-23
12
27
2
93
19
-97
68
-82
-88
18
-97
7
55
53
-55
-2
-59
20
55
26
-94
54
-34
-56
43
-18
-5
-93
-20
-96
-11
-63
-63
100
-15
-95
-19
32
-17
-47
-57
-41
100
-66
-53
93
-80
-41
31
-75
42
-11
42
91
10
-57
48
56
12
81
22
-47
73
2
55
-88
-23
-29
51
8
55
2
-58
-11
-73
-30
-1
-50
58
-31
30
54
-71
-85
-33
8
-65
33
-63
47
92
26
-40
2
64
83
-67
50
56
24
38
21
-58
83
-78
-38
87
6
21
25
-39
66
15
-8
-41
-13
23
42
-85
-86
-96
-24
-14
59
18
-99
6
88
44
-59
18
-23
41
34
24
-70
35
38
-33
-80
-83
83
-30
55
45
41
-59
-55
16
98
-62
26
84
-81
-7
22
-15
-61
-29
-23
56
-2
77
26
92
38
-25
54
-87
80
-78
23
-19
31
61
33
-58
-61
34
-45
52
14
-64
81
66
100
22
-42
18
71
38
-1
-78
-31
99
66
-44
-64
-96
-79
-2
73
66
44
78
85
-37
55
97
-92
26
-68
-38
-30
47
-31
58
-84
40
16
64
-43
-3
45
-16
50
95
57
-76
-54
16
-92
60
1
70
-68
-40
-6
-49
-44
4
19
37
71
51
15
3
90
-95
84
-72
10
-65
-68
-48
14
30
-10
83
85
-34
-39
-42
26
47
-93
47
-2
60
36
-38
44
2
-88
-25
-67
-83
62
78
2
-45
24
-20
-25
34
67
-89
-50
28
-69
4
-66
-46
-12
-56
-16
68
-23
25
7
23
83
11
80
-65
71
66
-87
74
-38
-9
-29
-70
18
2
58
64
87
-60
48
-49
-31
-18
-22
6
-63
-9
37
98
4
6
70
-17
81
-85
-9
59
-73
-38
-97
68
-17
-55
65
100
-23
-54
25
-22
-90
-93
73
-16
-5
-96
-54
79
64
-3
-82
93
87
63
23
74
-76
-3
-16
86
64
-26
72
62
-56
77
25
27
39
-11
-46
92
16
63
-74
41
-48
-79
90
-99
-82
64
-76
-80
-89
-60
11
56
-99
5
71
-3
32
53
-60
41
-70
-18
-34
46
22
32
-94
-7
-26
-1
23
2
-27
24
-51
-73
-52
70
-34
5
-79
96
-78
71
-45
58
86
31
-79
-30
-16
78
80
-82
-29
-1
-19
-11
-53
83
-68
-43
84
-85
-21
-18
15
38
-81
-41
88
-82
-95
63
5
63
-96
-63
-41
-54
-44
30
-29
93
17
37
-54
48
-68
-74
-43
58
-99
-100
-75
-17
36
-22
49
69
-34
-11
49
63
-37
-99
-59
14
-41
-76
-30
67
70
-10
-42
6
-6
-10
71
-48
-81
-16
-30
100
-48
64
-10
-70
66
-46
44
72
50
37
47
93
3
13
56
-49
-65
74
13
79
68
-81
24
20
17
36
98
-92
14
56
-1
-44
18
-39
-59
-91
-56
-73
-77
18
-46
-22
-16
-41
47
-29
-81
59
50
47
75
68
51
69
-33
25
5
-46
-1
-98
9
-27
46
7
48
-27
67
-20
44
-19
92
63
-40
-55
33
67
26
92
-74
11
15
2
-76
-35
-34
32
77
43
6
81
78
-96
-75
35
42
-7
29
-64
74
-45
33
100
-14
52
99
85
-72
-50
9
-89
-81
-89
44
-53
-74
-75
89
-36
-52
-98
-97
-53
13
-51
-80
41
41
94
69
66
-15
-100
29
46
64
-39
94
75
-61
-98
37
50
-83
-48
-70
84
-6
65
-96
15
-9
-21
-87
-35
25
16
74
14
-47
-40
60
-42
-66
-6
-16
77
-41
-80
-3
86
2
-12
22
6
44
62
91
87
-15
-98
90
10
-18
-76
25
-61
63
-64
-76
52
21
-70
-81
-69
-32
70
74
28
32
90
81
5
-12
21
65
-25
32
-23
-61
25
9
35
-93
36
-51
26
30
36
-98
52
34
86
-28
-36
-50
-31
-64
24
82
10
-58
-21
-27
-81
25
32
-16
96
52
67
-17
33
-79
-41
22
-32
-57
-82
90
62
-33
5
11
35
43
-15
-67
-41
-23
-36
-99
-40
-97
-11
51
-12
-25
70
-27
-9
80
-32
-91
-48
-15
16
-76
-60
-35
75
-54
-40
94
36
-81
-63
52
-5
60
65
30
-87
-40
1
56
46
56
-25
18
92
83
36
-51
29
99
-42
94
-45
61
86
-91
7
20
-54
47
33
-69
40
89
-91
50
69
-55
98
-7
39
-24
84
-19
68
-34
63
-9
-17
-4
-50
-18
34
77
2
100
-64
-41
-9
39
-40
42
-99
-41
57
-83
96
-41
19
-7
5
79
-80
78
69
-96
15
100
67
-14
-90
-22
38
-35
-70
-43
77
44
-92
-46
70
20
-45
-67
-55
-53
-44
-75
92
-75
87
-87
53
-68
-60
-80
45
98
-62
-14
-6
76
-97
-19
47
-16
21
83
-44
21
-28
-26
-81
78
63
70
14
-98
35
20
93
16
38
-96
38
47
-26
-83
95
-9
14
49
4
44
-82
92
-55
-58
-85
98
70
-29
99
100
47
7
22
50
71
-27
-48
-75
70
-38
-95
71
11
86
22
55
45
-65
93
-80
-84
67
5
-77
-43
-35
-79
72
-27
-65
14
-44
-59
32
-74
-76
-41
-24
-80
-3
8
-45
66
52
35
45
45
-42
55
83
93
2
84
27
18
-73
11
15
-15
-98
26
82
22
99
-19
47
34
24
42
-8
29
-76
50
4
62
-41
99
-5
-99
51
17
-1
56
-90
-29
71
52
23
-49
-16
-89
-82
54
-30
-14
-19
36
81
97
11
78
-58
99
84
7
23
-76
-2
-37
62
13
44
-21
-52
53
-94
12
-81
-19
90
29
68
-76
28
-6
-43
92
2
-72
-58
-88
48
-54
2
-31
-27
-66
-66
79
-44
75
-22
-35
61
-40
-37
50
84
77
14
-21
15
46
67
-94
30
-28
-62
-7
-56
-69
26
-32
-41
17
-13
15
12
-90
-37
99
45
-42
-70
-22
43
-16
45
-18
28
-89
-61
-79
39
-72
82
-31
-3
31
98
-45
7
-59
48
-75
-31
62
23
-1
83
-75
72
82
76
2
-57
1
-44
83
-78
-99
-7
77
-47
-57
51
66
-29
-99
81
-3
-12
100
54
-96
34
77
64
84
57
95
-84
71
-21
-33
12
15
43
-81
-90
-84
-39
-36
-22
18
28
31
67
-59
59
-22
-47
74
-13
-24
66
16
46
20
-52
15
-68
-72
-47
-88
-72
90
-43
94
79
84
-70
97
64
-25
-12
66
16
-39
-64
14
83
-26
-79
69
48
-1
-62
-50
-20
4
-23
-9
-65
44
12
-30
86
68
44
97
72
56
-37
10
-14
-53
48
79
-27
14
59
33
-38
86
-37
-55
62
-97
12
-28
58
89
-63
-73
-61
-95
11
-93
8
96
38
-35
-24
29
-15
4
55
-57
-99
-33
69
17
30
77
-42
-47
-23
71
-79
70
74
-66
-87
-51
49
-15
-70
-30
2
-6
-55
-16
64
24
-64
58
-85
-71
-77
-29
62
-18
20
-25
-32
-83
32
-79
53
-77
26
75
-26
47
41
-97
9
62
-78
-68
58
33
-78
-47
-9
56
-59
-86
52
-18
-31
-63
24
1
-12
-73
50
-35
-9
-1
-91
-70
79
-60
-56
-35
-50
30
-73
41
94
-39
87
-16
-39
-71
-21
-15
94
37
-93
-57
91
-42
31
76
48
60
-51
-8
33
-87
-69
-86
1
-16
-2
-79
79
54
-11
-100
5
-21
-69
-91
63
45
-49
77
-4
14
-42
45
-5
20
-58
37
50
-97
83
-30
-94
-80
93
42
73
-51
-85
73
-3
2
-81
-84
12
-18
-17
-18
74
35
-84
-50
87
-72
-46
-21
6
54
89
45
-47
84
65
-72
93
-43
-49
-42
85
-83
-46
-3
-26
-93
88
43
40
40
57
-37
60
-11
-30
-84
-88
4
-27
82
62
-63
60
-33
100
59
86
-42
-98
-40
44
-6
85
-70
-3
-98
62
95
65
-78
-46
-74
-57
32
-99
-63
45
79
5
7
-86
69
-65
-95
-85
-64
-71
26
-14
28
72
-75
-12
-4
25
63
48
-37
45
-52
29
-45
31
29
20
34
48
-25
-17
37
58
95
64
-51
-38
-13
-40
-31
-74
-32
-51
-5
-99
-66
-11
68
-71
95
67
99
-8
-81
-53
-90
-68
3
-20
-67
65
36
-64
60
-55
-43
-3
8
-68
50
-98
-30
63
-70
90
-43
-22
18
-53
39
23
69
56
90
-13
29
-58
79
96
-83
-67
-11
99
-55
10
29
-97
52
-33
-8
-19
90
-74
97
-59
96
89
-91
15
39
-30
-91
-89
-85
-81
-71
-99
-37
-67
-14
-27
10
-28
25
75
-82
-76
-2
-46
79
79
61
6
-12
-92
79
-21
-66
-87
-69
100
27
-39
-74
29
-53
-28
-17
-76
-46
-48
42
-3
-28
-98
71
38
-2
21
-92
58
-15
45
-40
-77
23
-26
-34
5
19
-1
86
-34
-4
32
47
-100
5
84
-37
-23
-26
21
88
-89
29
-38
89
-43
3
-4
90
-52
5
-69
41
-31
-50
-5
-44
41
-49
-64
62
65
61
-36
-3
-9
77
62
83
27
-7
-10
-24
-95
83
-3
97
-88
67
45
22
55
-51
-14
33
-14
-92
-96
-57
53
33
-37
-20
-55
-13
31
-72
75
-19
41
-41
-24
90
6
-82
80
-5
57
-46
87
-38
28
94
97
96
100
4
80
7
-72
-67
-50
-74
-82
-41
51
-3
-48
-5
7
-77
-73
77
6
91
85
41
-31
45
-57
24
-86
12
76
-94
68
91
-74
-53
-22
-24
-82
-25
27
24
-10
30
-25
54
-31
-99
62
-29
26
-73
-90
-100
78
-24
91
-88
-11
8
-11
26
-69
-22
92
-8
7
-49
-69
-86
38
-55
75
60
24
-78
2
20
78
-97
-64
-98
-16
-8
-12
29
-69
-29
88
-62
60
27
5
42
-47
27
35
74
-38
40
-25
-7
71
90
24
-96
22
99
-45
44
-56
58
5
11
-51
-49
-98
28
57
-49
-89
46
75
-40
49
48
7
65
-81
16
24
42
-56
13
-17
-95
-75
-82
38
29
-32
-46
58
-2
11
69
5
27
-32
-44
45
-72
-13
58
-30
83
-4
-14
83
64
51
-95
60
-81
43
17
93
-70
11
82
11
22
-61
-42
65
80
47
-20
-86
47
-36
-2
97
-75
-94
-41
37
88
12
1
18
-57
11
-57
-78
3
48
-85
23
-65
-29
31
-63
8
-1
90
42
5
-13
55
51
18
-17
-61
74
-23
42
-16
20
-47
-37
-8
70
28
19
41
-98
-64
-71
26
-16
-77
24
-22
47
22
86
-69
56
-80
88
81
-83
19
-23
-47
18
-14
26
-65
-41
-86
56
-67
60
-23
-80
-53
-11
33
-80
68
-65
-55
-27
74
55
-28
-26
8
45
-30
85
52
-31
44
51
-98
-76
29
78
94
63
44
-13
25
37
-56
41
55
-10
-71
-32
-29
81
-32
-90
-79
49
11
-99
-31
50
29
-18
91
3
-19
-35
34
-71
56
-89
85
60
-28
87
-22
25
-16
76
27
-15
59
-97
46
55
-42
-93
18
6
-3
84
99
61
-83
-71
-90
40
-68
68
-65
94
-9
-38
76
-43
-13
-93
7
-25
87
-17
24
-34
-25
64
-14
43
6
4
42
-97
87
-44
-11
99
76
-73
-76
-63
61
-60
98
-9
78
-7
-21
-73
-56
45
52
-85
-3
17
-34
-32
28
87
83
-78
86
59
10
34
-6
93
71
27
91
-35
79
10
-92
69
-39
-61
-44
9
-61
44
82
-21
27
-81
89
47
-69
-77
-98
-44
-15
-40
9
24
71
-17
-96
-5
59
11
1
19
6
-74
-81
-8
-50
98
-99
-30
84
45
-7
95
-1
51
-54
-99
90
7
-38
81
93
61
-83
64
64
-33
86
-4
57
72
-54
55
-93
-17
-43
90
-24
-94
85
23
84
-24
10
28
-22
94
-15
-3
98
25
-24
71
41
78
-40
82
-7
-69
-7
-63
38
46
-81
-75
-32
-56
12
55
-31
3
22
46
7
17
-21
-59
45
70
-38
-42
-70
-49
25
-21
-65
87
38
-73
-31
73
99
23
36
81
-38
84
1
45
-65
-21
22
-89
69
-28
-68
-63
26
-37
-49
93
-36
-31
98
82
-62
17
78
44
30
83
-77
86
-85
-44
33
26
-4
-96
-32
12
-13
63
-98
56
-91
2
-54
-60
-33
38
72
70
-66
56
85
-16
-94
6
-36
10
95
38
-85
92
-95
75
-65
-32
-37
47
44
-34
-92
56
-41
8
29
16
-31
8
-68
62
46
67
-57
-81
-36
53
-88
22
-42
95
23
54
24
-46
30
95
63
-99
53
-61
-67
-66
-40
5
63
33
-89
76
21
-76
-15
50
-56
86
8
65
-84
-26
-70
-64
-43
46
89
43
-11
-8
4
-66
24
76
-41
43
-15
-12
80
53
-68
21
74
-14
77
90
16
-36
94
-45
-77
35
60
-49
-4
-35
56
-57
67
-35
3
-79
-51
9
-22
-51
-23
76
-97
-53
26
53
15
-65
-6
74
-48
-98
-57
48
68
99
23
98
73
86
63
13
29
-68
89
-87
-71
36
17
-95
69
-67
-60
-25
2
93
-46
-84
28
33
76
-33
50
-4
74
-78
48
-75
16
-24
65
75
60
-3
65
91
-55
-13
43
90
-14
-29
-55
72
-75
37
-62
-88
80
13
-57
66
-82
-61
28
81
43
38
-90
-54
79
13
-27
46
45
-49
-61
6
-12
-97
-58
-39
-75
-98
-28
-89
83
17
96
26
37
-73
15
-14
-70
-63
-86
97
-41
-62
99
39
30
-11
70
70
36
-53
81
48
-15
27
47
-59
-86
35
-18
-63
19
-88
-10
29
-14
37
-14
25
-28
5
-87
5
99
72
95
-22
37
-24
69
-12
71
-21
31
52
91
86
-61
21
81
90
-43
98
40
92
-15
51
-31
56
32
-48
97
-82
-47
-13
44
-99
11
-2
79
-9
43
-99
57
-83
45
-20
-94
69
77
-80
70
3
1
68
-79
-56
39
94
-76
47
-95
-48
-2
38
44
16
-51
-8
29
44
-69
-90
22
-62
-53
77
-56
87
50
-43
-5
96
-21
71
-82
-72
-32
66
67
-25
-18
-25
22
-93
-93
-51
-81
-83
3
57
54
-71
-35
86
1
-12
-97
-25
-38
77
-83
52
-17
-20
-33
-27
-7
35
-10
-69
5
32
76
3
31
57
62
41
1
27
26
-32
-83
-56
-80
-12
72
57
-19
-44
86
-88
99
28
17
73
29
-100
54
5
-16
62
94
-20
-7
18
-97
-36
17
82
1
-30
-93
72
95
-75
-38
99
31
75
-74
85
-81
25
-5
15
-59
31
74
-1
89
-79
-69
63
-78
87
-26
-1
-100
-59
-12
50
40
80
67
11
61
-5
22
92
99
-40
16
-93
24
87
-13
-93
57
-78
37
-43
5
61
11
-48
49
36
-79
-100
-78
22
88
-58
-30
-7
-4
49
69
-35
-89
60
57
-8
-75
-9
-40
60
46
15
-38
-68
65
57
-78
100
-63
-65
-85
88
-89
55
63
79
-90
11
-91
-21
-14
58
-27
-100
-24
-14
38
-70
-46
91
41
55
-37
-95
-89
-55
-27
31
-29
72
7
-80
100
67
-27
-96
68
-19
5
-80
43
-52
86
85
-52
-21
21
-16
71
57
76
-97
17
-58
25
-9
-60
71
89
24
-43
77
-25
-66
-62
100
3
4
-94
57
28
-35
-80
43
-38
-61
-8
38
7
30
8
-42
-73
24
-64
-75
100
15
-18
-60
-56
85
-91
71
-56
-29
-49
-37
38
21
-79
52
22
-65
29
35
97
85
33
30
-70
90
-65
-4
56
-40
21
34
-47
21
13
-41
87
96
94
71
77
22
22
94
5
-97
97
9
57
-92
-80
-51
36
-43
-99
75
91
-38
-63
15
13
25
59
-34
-24
-70
2
4
83
-7
68
-43
40
-10
6
-81
-45
60
88
-30
-73
-31
19
-90
95
-3
47
-67
-47
76
-83
-33
8
65
-50
-7
35
15
-34
-70
-88
70
77
88
87
76
7
28
33
20
21
-41
-79
35
-54
-34
74
-22
-5
-5
28
90
-25
8
78
66
-15
-43
33
39
34
-86
-49
60
-15
91
-15
16
15
36
5
-71
28
-37
-25
8
74
2
53
-49
-38
23
-3
-34
62
67
-81
-57
-51
26
-57
34
18
-30
87
21
-34
-46
25
-98
90
-20
-80
-25
99
93
66
-40
-82
13
-83
-25
-99
-43
72
-8
76
-31
90
-52
-63
-73
73
29
48
-20
-87
-98
-2
-57
47
41
-41
23
62
-59
46
43
-4
-70
54
50
22
18
-35
58
-16
-79
-73
12
67
23
81
-73
-94
-11
-98
38
-90
-4
-45
-74
60
-12
49
-39
-72
-31
-95
-14
15
-100
-34
80
26
-63
57
-99
59
-11
-86
12
-30
-75
-48
11
-22
-14
64
-78
78
-31
92
41
-43
76
-54
93
38
-89
69
-31
22
39
-7
-62
-66
-57
-35
30
-53
39
-5
-97
46
-98
10
76
-57
40
-90
81
96
78
-14
35
-80
-29
-43
-47
68
83
-49
-99
27
-32
80
82
78
26
92
-70
-21
27
-77
48
-100
-40
-18
-54
91
-76
93
-65
100
-30
53
35
-20
8
-5
-82
26
-76
-2
-98
-73
-65
89
-63
57
-82
-58
85
24
52
-52
-70
61
74
54
-61
-85
65
65
-25
-54
-41
23
-26
33
13
-4
43
-33
-8
68
96
85
73
-64
7
85
-51
88
-25
78
-42
55
-49
24
-60
-81
-9
92
93
3
-97
-47
91
-93
20
-78
-64
-39
50
89
4
52
85
-23
46
-55
-16
-6
49
32
-78
-50
53
61
1
-98
-38
-49
-32
57
94
-46
-99
88
15
-2
-34
-76
63
-100
-95
-99
43
76
-51
71
-41
18
-31
-15
97
-11
-60
-21
40
-65
18
69
-64
28
-72
67
-30
-56
67
-17
87
61
-69
48
70
96
-3
64
71
-3
-97
81
66
-47
-46
-90
-36
-59
50
94
16
6
34
86
-50
74
-45
100
-96
-68
-36
30
-9
49
78
-19
-37
-27
-61
61
85
100
-19
100
94
-53
-53
-6
68
-99
83
-76
32
69
4
18
19
54
-56
59
-94
70
12
48
66
-97
58
91
-33
98
-17
-26
49
90
-2
86
69
99
53
7
100
58
73
-50
50
-22
-12
-100
49
-34
-54
-54
36
9
-61
83
78
16
37
58
83
-42
27
39
-79
85
-96
46
-9
-47
-44
28
-49
42
36
-42
-51
-93
65
93
-57
39
23
-41
-46
-71
24
50
49
47
-13
-1
-56
27
92
31
56
-55
88
61
65
97
-88
36
52
14
78
-8
-71
65
47
-86
-100
-88
-50
23
-2
4
30
-94
4
61
-31
23
-14
-65
47
92
51
-81
-30
37
62
23
-67
26
-56
-100
-89
-52
44
-16
-2
-27
-42
5
84
1
-32
-12
-79
-11
89
-68
-1
-88
33
53
-52
55
-18
-38
-23
36
-85
-7
-64
-5
44
91
2
68
23
-23
-56
-18
-26
-74
-1
67
-80
-77
-21
-84
-53
-82
83
71
-66
50
-46
-68
-8
67
-56
-24
27
-12
96
63
73
-35
69
-62
94
-32
-15
-53
58
-62
78
-97
85
40
49
63
32
-74
-27
93
42
-18
-23
84
-16
46
-73
-57
36
51
32
-98
-19
-50
17
77
-64
30
20
-24
71
-54
-25
-91
-2
-55
2
-21
22
-48
-3
-54
53
74
11
11
99
27
92
51
95
-16
-79
-28
42
85
35
20
-4
-19
90
54
-34
3
-50
-43
-11
42
-80
28
38
-94
-5
-95
5
-88
16
83
-1
-82
-39
69
28
-72
74
-25
-86
-60
32
-33
-52
59
-2
34
-74
90
-80
47
-38
-97
67
-86
-46
44
83
-6
-23
70
-84
82
30
-79
-25
47
-57
40
5
43
-77
-100
-80
-89
-43
4
-88
-43
39
-75
-4
67
58
-99
-67
-66
-78
1
-65
-64
-1
81
16
-18
19
-45
-55
2
-71
-33
79
-28
-13
65
73
-86
-62
76
48
5
76
18
36
39
92
100
-76
-83
-29
-68
-41
-44
15
54
-13
59
19
-17
47
-46
-51
-15
88
99
-96
-35
90
-71
16
-32
26
100
78
-18
11
-29
-72
-37
44
-59
-78
-29
-42
-4
6
-84
-52
58
-49
-78
-7
32
80
84
-39
73
26
13
-35
65
72
-62
6
-48
46
2
-30
61
11
44
14
-66
-55
-54
-49
-50
-83
5
65
-62
36
-88
17
63
71
91
-89
-81
-100
50
49
64
-42
64
-76
98
-56
12
-51
5
42
-2
-76
50
16
-73
98
-30
-12
-21
12
-44
43
-37
-76
-53
15
-1
46
51
84
-72
92
-90
95
30
40
-99
-3
-49
-57
49
82
-89
93
10
-67
-84
-78
89
23
-50
44
71
88
49
67
62
98
78
28
39
-1
81
-26
-2
86
4
85
-85
-16
1
-45
-66
-39
-17
44
-82
-35
66
64
-63
-22
-89
-11
70
-68
40
66
-69
33
61
-4
-92
-64
-59
17
-94
52
74
-85
-2
30
-45
28
-55
82
66
-36
76
-10
-47
32
-1
-70
51
37
5
-5
80
-82
-34
58
-25
75
-93
-98
-35
-60
-67
58
44
-58
-30
-55
-32
-36
36
72
-26
20
-66
-49
-23
76
-81
-11
88
-12
80
40
-44
-1
-66
-67
-95
67
-65
-33
20
-3
45
-73
-31
-12
81
-4
-7
-16
-83
-48
23
65
-65
68
47
-15
59
84
6
23
40
-11
14
94
28
-85
-89
-57
63
-34
-97
70
-62
-7
-99
92
-87
89
-74
-38
49
-50
-8
12
59
80
-56
-70
39
24
-25
-2
-63
-98
38
88
27
44
72
36
6
-95
-71
7
89
25
-66
7
48
-44
-98
-13
-74
97
-42
76
-36
87
35
23
-91
-14
98
-59
-18
35
93
67
-2
-33
68
-43
-14
-44
58
32
-94
-66
-29
-89
-67
23
-97
-67
-49
-85
9
10
-29
43
44
-89
-67
5
-68
43
-86
-4
15
28
39
7
-56
10
-62
-28
22
40
-17
24
-40
56
-66
-93
21
39
-100
36
83
-23
9
84
92
12
8
65
10
74
-83
51
46
-57
-49
-72
-77
-48
8
-18
-55
-67
-59
93
-39
44
-50
-61
-100
-10
-60
-23
37
40
-53
48
54
39
38
-83
71
-20
-25
62
70
-45
-39
96
-21
34
-67
10
-51
29
-28
-77
89
5
4
-1
72
-19
-39
-58
15
-93
48
-98
81
-21
-73
45
9
-88
-52
11
-90
82
41
-13
-78
-85
13
17
92
69
10
64
-93
68
-28
-55
57
-74
63
-74
-25
-61
79
69
15
69
17
-85
-76
30
-17
-93
15
-98
-93
53
7
-16
-65
34
-61
27
-96
-30
-48
71
46
-66
13
-53
34
-11
34
27
-89
73
24
93
42
-31
25
-82
-79
-89
66
15
-13
73
-81
-47
-50
-19
-72
58
72
-35
35
38
-83
22
75
58
70
-65
-25
82
98
38
21
-96
13
-65
-17
33
-100
-28
-51
62
-14
-49
-47
64
-74
40
-75
-27
-84
13
41
-9
27
72
9
76
46
94
-28
-60
-92
-25
85
-80
49
-28
81
97
92
16
-17
-75
-42
68
99
89
-84
-12
-49
25
-86
4
60
26
-25
-57
-65
-65
23
8
30
46
60
21
-51
19
94
64
80
31
5
44
-53
76
62
67
11
-48
43
73
-57
-96
-94
-60
98
-2
-19
-79
52
-42
43
44
91
-73
13
-90
74
-25
-82
-48
89
-23
20
13
29
-46
49
60
-51
40
96
83
-71
-44
24
95
15
60
-58
46
-17
26
-82
-61
13
98
-99
15
-93
-85
3
-48
-83
-38
-68
-50
19
80
62
66
-58
98
83
71
48
20
64
99
72
11
50
-54
96
-87
-66
48
-79
-49
83
-64
85
-3
-34
-26
-60
-56
-20
-29
92
-25
3
31
83
79
-29
72
-39
-11
9
6
95
93
11
-14
-40
22
99
100
-18
22
-14
75
87
-61
67
-93
52
-3
-49
-34
-27
40
-65
-32
-93
66
63
-64
-75
92
-64
-81
56
-48
29
-85
-86
40
66
-59
-99
29
-17
-48
2
53
-28
-54
-91
-78
-33
73
49
-38
-23
15
68
-30
-86
-94
-2
-60
22
-73
-89
99
-11
23
-76
-41
2
93
99
-2
-67
-64
34
-61
49
-55
-71
-71
-70
-20
45
82
65
15
-29
-57
-58
88
-92
-22
-65
-22
71
-74
-78
-29
81
52
95
91
-38
-58
61
36
-29
6
-6
40
-81
4
75
7
71
-89
-21
82
86
-62
11
12
-41
-59
-9
-25
50
-67
58
25
-58
24
27
63
-16
-29
-66
-71
35
25
15
94
-37
75
-79
-49
66
65
-100
69
45
-93
100
42
-34
91
21
61
100
-12
-83
-13
79
-46
-45
83
85
36
65
-70
9
15
-33
50
-16
72
69
-22
1
-36
-75
-54
97
-26
78
1
-16
-62
-57
-95
23
57
-41
92
-58
58
45
-47
-21
47
41
48
100
-39
27
40
69
84
-42
-72
-58
-94
54
-87
38
48
-43
-33
-32
17
-78
21
-31
75
-35
-19
31
-8
-46
83
63
40
-35
85
-69
-90
41
-20
51
73
52
-4
62
-16
94
34
-21
79
31
-38
-87
-83
99
-28
-18
77
-12
85
-4
29
-83
-29
-3
-80
-19
-25
-85
50
84
62
-35
-52
-9
3
-37
-91
63
-45
17
-11
-83
-46
-8
21
-92
-5
60
46
58
6
59
74
-65
-100
-72
-78
-82
-42
-15
17
76
-17
-57
69
32
35
-67
3
82
64
-66
-35
-97
-8
43
53
82
21
-83
7
-35
15
-30
78
46
-58
7
94
-69
-44
-74
-31
-31
37
83
-99
40
53
53
5
88
44
-65
20
-91
70
-56
-5
48
-13
81
65
98
-22
-45
-56
-49
75
54
-89
12
64
-23
3
-64
95
-94
-89
-34
-53
37
48
-40
-62
-38
5
15
38
-67
-19
-82
69
-85
-41
98
-20
37
-51
-95
81
60
33
10
82
16
85
-37
-13
68
-15
54
-71
56
-93
53
-28
13
35
-91
-5
99
1
10
5
-22
-81
-44
-4
-53
-13
-21
-43
39
20
33
100
-44
82
-20
21
45
-38
-22
100
-87
-61
7
-98
-78
-44
11
79
-14
1
58
69
-62
48
-96
-99
54
8
48
-4
-53
9
13
93
-87
-13
90
80
-86
34
-14
-15
-15
-14
-61
-21
93
90
-48
-82
76
-96
30
-74
-86
98
-49
-99
46
-78
61
-44
90
-56
10
64
42
-18
-68
-51
51
72
76
60
80
62
-23
33
36
-16
61
92
-74
-2
-18
98
-42
-14
-95
-16
17
98
-15
33
31
82
92
53
-31
100
7
-25
67
64
3
72
-64
90
79
-6
69
48
-45
64
-7
-9
-49
55
27
87
33
87
58
55
30
-8
94
-86
-95
17
83
-75
97
-89
5
-24
-5
-44
-68
21
-97
-28
-34
65
45
10
8
-60
54
40
32
-93
66
32
90
-47
39
29
-27
40
-36
30
66
49
-48
-93
80
80
64
-5
36
69
72
-86
71
-68
-42
85
79
-80
93
83
-25
-5
35
60
-15
99
44
-89
57
-7
60
68
-91
24
4
-5
-35
48
-33
-6
-70
-40
2
18
-48
52
-22
62
43
-17
-38
2
84
48
34
-71
89
-63
-72
79
20
-70
-91
4
-81
88
-65
94
-6
-29
-72
4
2
31
-22
77
65
-80
91
43
46
47
-29
34
83
82
58
83
-93
79
-39
-78
33
-76
-92
-69
-60
-95
-72
30
-37
18
61
-63
-50
-10
-50
83
-40
84
-100
7
34
91
9
48
-10
-65
-81
34
86
54
20
-79
-51
-44
62
38
-85
100
-47
53
69
62
3
-100
70
83
-37
-14
-88
-4
-31
30
74
-26
-15
-85
-67
-78
-59
53
-87
26
76
-40
74
-44
-23
-28
-89
-38
76
-52
95
-49
79
-1
-35
-65
99
57
93
54
95
49
-22
7
30
87
-72
-27
-48
-17
-86
-19
-85
26
10
-23
-70
-45
-93
66
36
-87
-62
-94
90
-96
-24
-68
-36
-43
76
99
10
-82
-84
-27
-6
40
-94
-55
-63
95
-67
30
17
94
-59
96
-4
-90
-16
23
87
-23
15
98
-81
-23
77
-20
-31
-6
63
87
-72
18
99
-64
15
-44
-15
84
4
-15
-2
-62
42
55
72
-21
-66
-16
-23
-53
90
98
-84
48
42
-37
13
39
32
-26
96
49
34
30
-91
-72
53
-69
68
69
-56
39
-88
15
91
-15
98
-37
25
82
93
-59
28
-90
78
12
-57
-49
17
-1
-64
57
99
38
-52
-36
-28
15
15
-43
-18
-25
-16
-84
-46
95
-17
-43
33
-88
12
-49
37
64
-100
5
-30
37
-40
38
27
-97
-76
-33
15
58
78
-58
-89
-26
-60
79
29
37
52
1
42
53
-27
83
-21
-73
9
-31
94
-68
9
78
-95
8
-60
11
-71
14
98
71
-24
36
69
29
-100
50
-87
81
-32
33
-2
-51
67
28
-26
29
-19
-20
42
10
-88
65
-45
-70
76
39
-15
-64
-15
-97
31
30
-91
-31
-10
-52
24
62
4
36
-5
-84
76
76
33
30
70
8
49
-7
27
-100
48
-33
-59
-33
86
60
84
-19
14
-69
-32
-38
70
28
-34
26
-75
64
29
-43
-83
-34
98
-41
-67
-64
43
-7
6
-86
83
-95
58
34
-35
-67
19
83
16
62
40
4
40
40
82
67
-79
77
-58
-69
-88
3
-74
50
-26
-22
28
-28
69
69
-20
92
80
-16
25
46
-48
69
-57
-58
-78
46
-47
-49
-86
-54
-69
-32
5
-2
-37
69
56
-3
48
28
65
-96
92
3
74
100
11
56
66
82
50
-84
26
-64
53
-55
-69
-29
-34
-14
-100
1
76
-46
23
-3
30
31
77
7
68
-45
-90
90
-78
85
-42
-2
-75
-58
41
-19
84
-19
-67
-51
-21
13
26
-95
-46
74
-12
25
53
-66
17
64
94
-78
67
81
5
-95
-54
-100
39
21
-81
-98
5
-18
-57
11
-32
26
98
5
50
77
0
