20
4362452
H JJQMDLCBB PKOHGGRG
1030
911
9169916
E AM QLHFQ SMBWEFFLNF J IKYK  ENGIHUPCPMY
1640
1340
9556993
CXEOLKA RXCJFFX XTWE OF ISP I HX
1496
1138
15649413
EW X  W CLTAMQXBG YW  GTV   H
1332
911
19797757
SWSGVETAWLTW AISJBUVIMWGILW
724
583
30248246
BOQOQWQBB
1181
993
35697349
FG NZW  EM  F HE OJWCOYSBCI 
1418
1080
37910612
W EEG TNG
1046
746
45175953
KPLN UDTOLSKNGTY
1116
796
46149041
BTZ RES YCAOY UPITMQOCNXN XPHUU DOGYOBXISPKOW
1223
922
48671491
PQGNYIPOBSXO AC R N XBRBJ  ASL FMKEHLMK  DL
1324
1085
67923761
GF UW IEFJWTUSBBFV B
1144
808
68748181
WLVFAPDSAVY EWZXDULB TI
1202
937
72636579
KIJNSY JFIWSKGYC NHAS MAC RDRHOGC IETRONVIEFFV  
544
434
72869462
SKMDXUYITGH OVDHE H  FK
1601
1182
87465329
VZVU MF XUKL
419
296
90819469
PV  PZDB  O K HFHDU MQ
1123
815
91341345
QQ  GV PRYV UON
1001
768
95815145
R  EBI HL SWDPREFI WFKWTRGG NBD  L   YKQNIVPBHA
376
178
98381069
QJDL  EYU ATX SCISL
1294
1255
100
1 67923761 3
2 72636579
1 90819469 9
1 87465329 5
1 46149041 7
1 35697349 4
1 87465329 9
1 37910612 2
2 45175953
2 406528108
1 30248246 2
1 72636579 6
2 37910612
1 30248246 8
1 15649413 9
1 68748181 2
2 72636579
1 30248246 1
1 45175953 2
1 72869462 6
2 91341345
1 9169916 6
1 95815145 4
1 95815145 3
1 19797757 8
1 15649413 6
1 87465329 1
1 90819469 2
1 95815145 3
1 37910612 9
2 68748181
1 95815145 1
1 72869462 6
1 67923761 8
1 4362452 3
2 35697349
2 68748181
1 46149041 2
1 9169916 9
1 67923761 4
2 37910612
1 35697349 8
1 19797757 5
1 35697349 8
2 9556993
1 19797757 8
1 4362452 9
2 46149041
1 95815145 9
1 98381069 4
2 9556993
1 30248246 9
1 4362452 3
2 35697349
1 72869462 1
2 30248246
1 48671491 1
1 91341345 2
2 95815145
1 4362452 9
1 90819469 7
1 4362452 8
1 4362452 1
2 777649906
1 72869462 2
1 30248246 5
1 30248246 5
2 303241840
2 352328179
1 98381069 4
1 9556993 4
1 72869462 6
2 48671491
2 11431800
2 15649413
1 37910612 3
1 15649413 9
2 46149041
2 17244592
1 95815145 6
2 45175953
2 32639388
1 91341345 1
1 30248246 4
1 91341345 6
1 95815145 9
1 98381069 8
1 95815145 5
2 87465329
2 46149041
2 91341345
1 72869462 4
1 95815145 7
1 35697349 7
1 37910612 2
1 91341345 9
1 67923761 6
2 68748181
1 35697349 9
2 91341345
