13
82
-58
-33
16
72
-85
-22
70
-84
16
-54
-23
23
-42
41
84
73
73
51
77
100
-39
-58
-40
45
-8
-59
51
-58
-82
72
-17
67
84
80
-68
34
-79
-5
-77
-44
27
-44
-53
1
12
-23
-48
-16
27
-51
71
-3
-83
60
66
22
-75
56
-44
68
-16
-75
97
13
-73
-13
-60
-21
-99
47
-8
-25
-98
51
21
72
6
29
-71
-82
85
-94
39
9
28
71
8
-1
33
-44
-47
-11
-43
82
2
-19
-89
-89
-77
-68
100
-39
-26
17
33
15
-18
-37
26
92
-43
-72
71
-46
-76
-51
-29
84
12
-2
61
86
-43
-82
64
-80
-47
29
-15
-49
96
72
96
-54
-55
-85
95
-41
75
-97
-36
-63
-79
29
67
83
-49
-89
-97
22
-9
-81
-15
38
-76
71
84
26
-67
65
99
81
-10
-45
-46
-77
-16
-99
69
-93
-15
18
-30
-44
6
-9
43
-57
48
-59
-20
-45
-17
-50
81
59
31
97
-57
-60
-44
-56
-56
-86
97
97
-75
89
84
44
-49
-28
42
-24
75
-71
-30
55
57
-40
91
48
66
84
36
65
-36
93
-65
-100
-78
39
62
15
49
-61
53
74
10
-49
-26
45
-48
-40
37
-74
43
-86
2
-52
30
-76
26
-97
9
-88
-52
91
-79
67
22
86
79
-43
-8
-69
26
-16
-96
3
77
21
-57
6
-14
-84
-63
93
-75
10
80
-77
-69
71
23
67
44
-24
-31
-4
-80
-95
31
-70
-28
56
-27
88
-96
91
-86
10
-61
-95
-2
3
-63
-35
-91
-86
51
49
-86
-64
47
-89
38
-75
94
44
-29
88
-80
93
41
75
-100
85
1
-57
98
71
40
-35
-68
-33
-31
18
-9
96
1
93
-68
6
-3
-59
52
21
-79
57
-3
-65
-12
-64
49
-98
-93
33
13
-36
-59
71
-61
-16
-81
73
82
81
16
29
2
87
-50
-91
-69
-26
80
-82
62
-90
-76
-44
21
-37
79
18
-6
-74
84
40
-50
-98
3
92
-82
-5
23
-64
41
99
-40
72
-59
-94
-19
36
-31
-88
55
-1
-31
-22
-6
-90
44
10
-27
-3
-25
12
72
31
78
-26
70
-12
-46
-45
-57
66
-52
48
-95
-49
-65
-98
-76
72
29
83
7
1
-89
-35
-33
-63
-14
57
-98
78
51
-93
35
23
-34
-30
-84
-49
-9
69
-14
-69
-78
67
70
-37
-58
84
24
81
8
-65
-100
-73
68
-80
2
48
32
99
-24
-69
-59
-15
7
-97
3
-64
26
-44
-41
20
-75
-78
40
-26
11
-75
25
99
-75
-92
-38
68
56
-89
23
-43
-23
17
-7
-17
82
2
72
65
-65
-9
19
19
-6
-65
76
32
-21
-63
6
76
-51
-98
39
-17
64
50
11
62
54
20
-23
93
-23
15
-100
53
45
-81
-63
81
-7
-77
-41
80
38
17
-29
-65
79
-49
-35
93
9
-27
42
79
-8
-7
-66
80
-46
71
53
29
-35
18
-99
-60
51
57
-86
81
92
92
52
5
-11
88
-76
72
7
-11
-54
-84
3
-41
34
56
-94
72
68
-68
83
7
-83
-36
-26
-100
26
-98
-79
20
-80
59
-92
-23
-23
38
74
-35
16
-69
-42
72
31
-15
43
95
34
95
63
-49
81
73
-79
49
14
-5
94
-79
81
100
85
94
-12
-4
-9
91
-99
29
-90
24
84
-10
-57
-53
36
75
47
27
-4
46
47
75
52
35
100
94
-49
74
84
74
-82
-96
8
-14
-16
91
54
53
-32
-42
40
100
96
48
3
75
-18
-62
32
48
48
-36
-85
81
79
24
17
-3
-27
-88
-55
43
49
40
1
13
92
13
-7
-70
33
61
-2
60
-19
75
25
-79
-22
-88
-98
100
-42
-98
-84
37
-10
59
-48
3
-11
-22
31
100
-80
-20
-35
-81
74
-27
-58
65
72
60
-29
64
33
-66
26
-20
-78
-9
53
-98
-44
57
35
100
-29
-86
42
-86
-25
-60
-56
19
-22
72
83
85
15
63
-48
54
-72
3
78
-27
-36
12
-75
-65
-98
67
-75
-81
-17
-98
74
8
61
-58
-95
15
-33
18
-79
-60
46
-23
2
-21
-28
-90
-37
-30
83
10
2
-74
-58
-89
-82
67
14
-5
-83
-56
-94
100
-78
53
-88
25
92
46
56
27
88
-60
24
28
40
75
-94
-13
96
-74
-65
-78
24
59
28
90
-12
1
36
-25
9
56
2
40
-89
61
34
39
-24
-8
88
-44
-48
-12
-60
35
-96
-23
-83
-25
-97
31
93
12
39
86
-97
65
-42
5
98
99
80
-6
87
42
27
4
-43
-34
-13
-50
-34
26
-98
-100
32
77
-40
-84
92
57
-94
64
-91
-34
43
94
49
41
-72
21
-36
-56
93
-48
9
-65
-22
-83
16
-24
-18
-74
31
-14
-89
-15
-68
44
65
-64
-79
-3
-64
76
-64
89
69
35
-96
78
-67
-73
-15
38
36
37
44
95
48
-31
6
43
32
-90
60
-47
73
-12
-35
-25
44
59
16
-25
77
-50
-73
21
-35
97
-66
-48
-59
83
-47
-64
12
-49
80
-4
95
96
18
-52
93
-15
-78
89
97
-30
-43
-61
-94
60
100
-32
34
79
25
-36
93
81
67
-21
1
4
-53
-37
-60
-73
-38
-29
-46
89
18
97
64
-53
25
97
-62
-30
79
49
-39
25
-11
17
-87
99
44
-7
35
75
84
60
69
-48
-42
-85
2
-66
-92
-71
80
4
19
15
4
-40
-96
-88
69
-71
-97
68
-80
-41
28
-75
64
72
-11
50
10
73
-98
7
-13
16
-80
-65
81
10
69
66
-94
-46
-100
-3
-79
64
-47
37
94
-5
-73
94
-84
-6
-29
-61
-52
-22
-31
-81
-31
-60
50
-37
67
-30
-93
86
-25
-48
-66
81
43
-17
-70
-46
-36
-40
-55
-51
-70
-97
66
-5
-12
70
55
16
29
46
-42
-6
-55
-39
-34
-91
-71
35
-65
93
-45
-25
-4
-78
-63
-35
-15
-48
80
71
88
-33
-74
-32
69
46
4
89
-59
-65
-42
22
83
-58
-42
62
-13
-39
-96
96
43
-14
-20
-1
41
71
81
35
-100
-47
-20
61
84
-52
-79
56
-46
-94
27
-48
35
-54
13
43
-77
8
86
-32
-52
-73
63
28
75
46
-99
81
-64
60
95
82
-72
5
-69
-10
-79
-3
-38
46
53
99
-70
3
61
8
4
-75
50
75
-90
97
20
-91
-77
31
-73
90
31
-18
10
84
42
65
58
-27
-3
44
-73
-80
-14
-91
48
17
1
-63
90
-15
83
78
-14
-44
66
-20
-78
-97
-1
72
-12
-92
-22
-46
-57
63
69
12
-100
-32
-52
95
-59
-54
80
-14
6
-22
-31
-73
17
52
27
-12
49
-27
-30
56
-100
65
95
59
-88
29
13
42
-39
-76
-31
-42
-79
-60
-28
-21
81
-25
-40
83
-11
-71
39
-35
30
79
4
44
77
-44
65
-57
-73
77
-44
-81
-7
85
-57
-43
54
31
-39
-88
19
-57
82
76
87
56
81
-41
30
-79
-47
-42
-40
99
94
92
11
-59
64
-87
-97
-13
-10
-90
-25
12
-88
17
-25
34
-4
-98
28
-26
46
12
7
24
80
62
-71
-19
-89
-73
-31
26
-7
49
7
22
4
-26
79
32
-33
-36
63
-83
-88
-42
-59
46
30
-22
-87
94
44
83
-39
90
-56
-18
-24
65
90
76
-22
-12
31
-68
-16
-17
-25
45
-63
-71
-94
-20
88
-41
15
-95
-6
41
60
76
-97
-14
49
57
-10
4
-29
-80
-49
17
-44
-17
-60
-65
-22
31
-27
-60
45
12
-36
-75
-11
67
99
62
-67
29
69
-18
-49
34
-7
6
99
-2
-30
-89
49
-60
-60
-97
32
21
85
10
-74
50
71
-41
-99
7
-100
100
92
97
61
-24
-1
-62
-14
100
-43
-37
-42
63
97
-8
-31
50
-49
5
23
81
85
74
-53
-96
68
-4
-89
-16
-97
-57
-13
-71
25
40
66
-31
-75
-8
51
-34
-45
36
-57
-89
8
14
79
-67
-41
67
50
4
-76
-38
8
5
97
35
-57
-57
-97
-86
81
-81
-69
-30
20
-36
-27
-92
14
5
47
-32
85
14
-63
-20
-82
58
41
2
100
-15
65
-68
-51
-54
-86
-83
-80
35
-36
48
16
-43
90
-24
98
-46
-61
5
-29
23
-78
-8
34
38
-33
78
-80
-2
-94
13
17
-10
49
-75
-18
-58
-11
68
14
-27
-40
93
62
-29
80
4
-67
87
29
-59
-76
59
-14
-48
-40
-42
-70
79
-88
11
83
-38
68
-55
-41
-92
-36
-71
52
54
24
76
66
-86
43
85
46
-93
40
-33
-41
5
-88
-37
-20
-52
-79
-66
-53
-67
84
26
70
26
-83
42
-47
-12
-41
-83
81
90
-69
-82
-55
38
89
76
67
-60
58
-88
-79
36
-60
-78
-77
-84
17
28
33
-83
-54
80
93
-89
57
16
61
77
-5
1
15
-99
-63
-89
-61
-19
-1
-84
75
-26
63
50
-60
52
-62
-96
80
-68
98
88
-51
-66
77
-13
-14
-84
-22
-59
19
-57
35
-70
-4
-52
-27
-44
-40
17
-75
38
22
40
-18
-39
-59
89
69
-65
-56
-15
21
25
83
-29
-56
67
-71
46
64
-55
68
-75
-76
-37
-76
88
31
56
61
-62
-69
26
-96
50
-9
14
45
60
78
-67
97
-36
-96
37
-22
92
87
-94
-1
54
7
-36
83
-40
17
66
-15
94
84
-83
-72
36
-21
58
-9
-71
34
-31
57
66
-30
57
51
-79
18
-82
30
-45
-48
-31
-59
47
5
70
-36
9
-32
-69
-85
60
-24
78
-45
-74
51
-96
-84
74
-32
27
17
-71
-59
90
-6
100
-3
-24
28
-53
94
18
-88
-6
-6
14
37
82
93
72
1
-48
63
75
14
34
11
14
94
19
97
-75
52
-12
57
-25
-73
-98
-47
87
8
13
-84
-41
84
56
46
97
-6
97
96
-79
72
57
-45
-26
-15
19
-68
27
39
-95
-74
-12
-62
-38
-1
53
-65
15
-51
57
-48
46
-87
75
-47
17
88
70
-47
48
81
88
25
-17
85
-94
8
52
70
-98
3
-58
-59
-30
78
87
75
-23
92
-14
-61
12
-41
-76
57
-83
-92
-32
67
-73
57
71
53
-24
-51
92
66
78
-68
-5
8
-34
80
-3
-92
9
-5
-56
-31
24
4
71
-97
-26
-90
96
38
80
84
-29
-18
34
40
-20
-87
52
-60
-87
67
-85
9
87
30
52
-89
-73
30
-41
-62
15
59
58
91
-86
62
-86
83
44
-6
90
-20
93
20
-7
-13
39
2
20
-7
-26
-5
-33
54
26
-35
62
-17
-16
58
-18
41
49
39
86
74
23
-67
-10
-46
-28
-6
-27
67
-22
-65
12
-14
26
20
-50
-5
-20
-31
-64
70
-95
-24
-34
-69
-70
19
-62
73
85
-29
-69
88
-64
43
84
16
-80
74
-33
-56
-33
52
9
60
83
-25
30
-72
-56
53
38
-64
-59
8
41
74
30
-35
-63
67
-9
-24
-76
-99
40
-36
-49
-26
-2
11
-64
-56
84
85
-59
-72
-30
-32
17
92
90
-67
51
-20
25
-56
14
-43
10
-84
-88
9
51
-37
-38
-97
21
-19
-28
14
46
46
-88
-48
-62
-73
-77
82
3
50
-96
27
-46
-96
-64
13
-75
22
61
29
-66
65
-60
-4
-66
62
65
2
-5
-90
65
10
56
-76
14
-10
-22
-92
20
27
44
48
94
24
-57
25
97
-14
38
37
12
90
-52
39
74
-84
93
45
44
97
25
60
98
-78
-32
-24
22
60
-74
-57
-99
46
46
36
13
-42
38
-13
13
89
-25
35
67
34
49
91
-52
-75
-22
95
-51
99
59
-55
-88
79
-43
95
69
7
29
82
-8
38
-11
-33
-66
34
34
72
16
42
25
26
-46
62
88
48
-93
-71
-54
35
26
84
-12
35
-75
50
62
32
-3
-45
-78
-61
-1
-21
-88
13
-98
-14
-2
71
31
86
27
-94
-55
-44
1
42
-61
-71
-68
87
71
-49
-6
80
20
-76
-64
88
-62
56
-88
15
20
-90
-44
58
90
-40
36
6
-83
-90
-53
-4
42
10
-46
91
-53
-57
52
16
76
-62
98
46
-100
45
-7
-56
83
7
-52
59
52
11
32
43
34
98
84
17
96
-75
68
38
-70
65
-43
70
21
60
57
-78
-76
-27
19
-21
100
-7
68
-34
17
24
73
97
-55
-9
-61
-15
-67
-65
-2
-32
3
-90
46
30
12
76
-28
-43
-15
-5
74
25
76
43
-90
5
-26
68
43
47
15
-62
-66
63
99
-94
-69
28
-47
-2
-24
-6
9
44
38
-41
11
61
-84
-86
52
90
-99
66
68
-62
55
-26
21
-21
-18
-27
-16
-45
38
-32
72
-7
28
-81
-80
37
-88
-77
27
42
-47
21
-79
-72
-66
-56
95
55
-13
-65
14
35
-59
31
-88
40
-8
-41
36
22
-68
90
67
62
22
79
-72
-40
34
-38
48
39
-9
-18
-81
32
-37
85
-79
-69
-20
-28
18
94
-78
100
64
-4
84
43
49
-77
88
-78
45
86
42
86
-89
24
-54
10
-35
-43
3
-34
-83
-85
-60
-19
-22
-52
-96
-15
86
-38
76
46
24
75
-61
-64
57
-58
-51
23
46
67
-70
28
-13
-92
-69
-66
-21
-20
4
48
-53
16
64
26
-62
-17
81
-7
-90
-17
12
49
14
76
-68
62
14
-65
-73
3
-60
-65
51
-31
1
17
-20
-51
28
-16
-62
64
27
94
8
-81
8
-49
50
14
8
20
74
-46
58
-76
-15
-63
-93
-24
61
45
-27
-79
-92
-16
2
-62
30
18
-3
37
57
-100
47
24
54
-51
61
-41
63
79
-84
85
4
15
-79
-28
49
9
65
-97
-78
85
27
52
-8
88
-17
88
72
-9
-55
-53
71
93
63
11
-55
54
59
-55
-48
89
17
-78
93
48
-39
-28
-96
85
59
-30
34
-13
-90
100
4
79
7
-8
80
71
25
-32
36
-4
41
-21
59
5
3
-7
1
40
-97
15
8
-71
-80
36
-15
88
66
29
37
-63
-38
-2
-22
-32
27
3
94
-84
12
-33
13
-70
37
-58
72
-41
93
-70
55
40
-4
-79
-50
52
-29
-53
-83
31
-17
-45
98
-19
-49
-67
-69
39
60
-64
12
-55
43
-100
35
-71
-50
43
16
58
96
87
55
-45
17
-93
62
55
52
7
63
48
54
-43
-12
64
-44
77
-39
22
82
-40
83
49
-100
-75
-34
90
-3
-16
-81
-59
-50
-25
-70
100
67
-35
96
-33
64
-12
-18
-99
-70
-97
22
54
-73
-12
45
50
18
-11
-74
67
-63
73
-71
76
39
-7
58
-43
-76
24
88
-7
63
-70
-97
29
-59
95
41
34
-89
-45
-13
-49
-13
-35
44
29
-50
51
7
36
-44
-22
5
69
-53
11
41
-5
62
79
-34
98
91
91
-69
-41
-96
3
77
-43
75
-99
-80
-54
-81
93
-34
34
91
61
43
-69
-57
-78
99
-76
-84
-54
-17
-88
94
61
-77
89
76
-38
-22
93
-15
6
-59
-31
-43
87
28
-17
-60
-73
91
13
-32
-20
-64
-30
42
-34
27
87
-91
-29
-5
-46
-96
34
-77
-100
-30
-61
-58
-58
-97
93
54
-95
-68
-68
26
-86
72
9
81
-30
-43
-97
-2
49
-83
33
96
38
-29
-56
-59
-34
31
-21
61
-57
22
84
-75
-86
-50
53
7
-61
59
-79
44
1
72
-17
3
-38
88
99
-86
82
23
61
-25
96
28
66
-3
-67
38
-53
65
-71
86
-15
18
-15
-98
74
85
-54
-39
-64
2
49
-50
19
-43
-15
-38
-61
-39
-8
-50
41
68
-73
-13
13
45
45
-20
-4
26
26
65
-88
-70
6
-57
81
-22
-52
50
34
-95
100
12
53
-53
68
-13
29
8
28
81
-69
-83
-19
-42
-69
67
-47
-59
4
-74
-21
64
-23
-8
12
92
-61
61
57
88
7
61
8
43
31
-85
96
95
17
-68
52
-61
63
-8
80
62
-73
-4
-65
20
16
9
47
5
-59
-34
17
1
-35
-4
19
61
16
96
62
-8
-76
19
-60
-41
69
96
95
14
-53
56
93
-46
99
26
92
-35
25
17
-18
44
-44
20
-55
10
83
-19
28
-3
79
-83
2
69
-16
-68
-100
-70
12
17
62
-57
60
2
20
-90
82
51
-99
-48
66
83
18
74
-48
-38
21
52
70
-86
37
-34
45
-3
24
71
48
-29
-77
55
-46
41
-85
-29
-60
-90
-4
-40
-28
47
-17
69
65
29
-83
70
-56
59
69
-97
-60
-70
-6
53
97
11
52
-24
84
-82
5
6
61
-67
-17
-4
-41
-36
-59
-18
50
33
-30
56
8
62
79
11
-84
91
-1
62
56
38
17
-18
8
82
91
-92
-6
68
-71
-21
41
87
50
-34
63
-64
37
42
-49
-15
-30
-34
-11
-33
-21
60
96
37
66
-100
-49
19
53
50
-42
-85
5
18
-71
56
69
-99
14
98
-98
-77
-13
-32
-48
-79
-1
48
-17
67
-89
46
-98
-2
56
100
-74
-36
93
-50
14
69
-2
10
8
42
24
69
94
13
67
-84
-36
-84
-56
79
-31
30
-60
94
-14
-92
-93
-31
-14
-4
85
78
-67
72
-64
16
-1
-43
78
-59
16
-60
96
93
55
-38
83
-57
-75
-27
-27
12
95
19
-2
-95
-88
21
77
-28
13
95
51
54
5
21
-23
90
100
-7
71
-65
-98
-13
99
-47
91
-69
88
-15
-81
-42
60
-71
-45
-41
11
-52
22
-7
-57
-30
-79
-91
-4
81
50
83
-34
-41
93
-59
88
-60
14
-100
87
83
-44
64
-8
64
65
58
76
89
71
-68
54
81
95
-98
3
-7
56
-2
-69
-96
80
62
45
-50
35
17
-13
62
90
-31
23
-46
79
49
12
-47
21
68
-13
3
-65
-60
19
19
63
24
-37
-9
-42
34
11
98
-63
3
-62
-37
87
26
-54
3
58
-50
-78
11
55
-34
78
59
77
-11
-47
-97
53
-87
-10
-63
1
90
97
-54
-98
43
46
6
-73
54
30
94
33
-20
40
-22
-85
13
32
-84
25
-16
-41
48
36
43
66
-82
-65
-77
-63
27
-1
-89
25
-52
98
-69
26
-17
-33
-65
-37
94
-96
34
19
-93
-97
63
-24
-7
58
-37
-10
20
92
-8
16
60
7
-95
62
-31
-10
80
-92
35
56
-31
-2
-11
-100
-100
19
81
36
-73
-85
86
16
38
-89
75
-84
-25
-33
49
-23
-78
15
72
48
51
-85
11
62
87
-14
70
-59
-24
-44
-17
-67
99
59
57
-68
-61
-81
-3
-28
11
-22
28
-97
73
-77
-88
69
-82
-99
-20
-36
-87
-41
71
-55
89
-74
-7
60
-72
16
69
-43
-73
18
52
18
66
81
28
92
-98
97
-78
97
40
47
-21
-11
99
61
-75
9
-48
27
26
36
-60
88
9
-30
-20
-13
44
-63
-67
-38
96
-82
-23
4
38
37
-98
-18
46
-3
8
4
23
25
-69
-52
31
-18
-95
73
-2
58
52
-16
77
-46
-40
-84
87
49
90
21
27
-62
54
-63
-7
41
-19
7
-9
34
-62
34
-78
-56
-31
95
-97
63
-84
54
88
8
53
10
74
-91
-27
-18
45
-32
-46
52
-12
-12
78
-7
31
-16
-30
-72
-51
61
-74
-38
-5
-5
47
42
-71
-22
-33
75
28
16
63
-37
91
-35
-51
-34
-55
34
-61
-99
31
34
31
-51
16
-27
-100
-27
-65
86
41
-51
-64
16
77
15
2
87
-70
18
-38
-84
16
-84
-76
-5
15
-77
-36
20
-90
90
17
59
-2
-44
-51
-61
92
75
-28
98
-47
46
86
100
-56
19
19
-43
-11
-8
-25
26
-16
66
-43
-94
-56
80
63
1
83
95
14
-15
-23
-10
70
45
43
30
35
-100
-45
-77
96
54
-83
-97
65
67
60
-94
-70
87
13
54
43
-4
-24
9
-41
46
-56
-57
-71
66
-83
-3
-7
81
85
-56
-17
-74
-89
73
-18
-95
93
12
11
65
83
-97
29
4
-50
97
50
59
-2
-26
-71
-83
76
-74
86
-6
-18
38
-52
-77
-44
-98
18
31
45
-73
75
30
-75
76
49
9
92
97
-50
35
17
77
75
24
-52
5
-48
-55
-2
71
100
33
-10
-25
11
-25
45
65
-45
64
-17
48
-99
34
-17
-20
-20
-86
-54
-41
45
-16
-80
-77
-53
31
-42
50
19
-13
46
18
-30
-35
90
98
-27
-7
38
69
19
35
-42
-54
-4
45
13
-70
84
33
39
-43
39
-100
-88
-99
-60
85
17
-88
11
44
15
60
69
76
-13
-76
83
-69
54
-66
-45
27
27
-55
69
71
67
-20
-38
73
-85
42
-82
77
68
-51
-52
58
32
-47
-43
2
60
83
-42
-7
-70
-73
-32
4
34
-6
52
69
53
33
-85
41
-45
-29
-43
-80
6
79
-2
20
85
69
-78
-15
-64
72
25
-58
-68
7
32
-95
53
-56
39
-78
-97
64
-25
5
38
74
-61
2
49
17
-11
-11
84
26
-53
-95
58
-42
-37
-91
11
-75
-74
-91
100
60
-72
-87
10
79
-61
-21
-28
9
-62
-14
-5
34
80
78
-25
-56
5
95
-33
-60
74
-76
15
-10
-29
31
-58
-24
-21
-26
-29
-1
30
86
99
45
-87
-11
-56
96
-61
-58
55
5
-26
39
-57
-49
70
55
55
-39
73
-91
-24
28
-77
55
-45
60
85
25
-41
50
29
-24
18
-96
-2
47
-23
69
63
81
90
8
-3
49
-92
-4
61
-91
57
75
-24
-6
34
-68
79
31
-100
41
-87
16
-52
58
-63
-81
56
91
-58
-21
-27
-66
53
-77
24
-19
-89
-46
2
-53
-77
59
-21
-18
39
-13
-89
63
-5
-7
-25
-33
57
1
-79
-55
48
62
7
-4
64
90
24
-40
78
67
-51
-35
37
-85
42
33
-2
38
61
86
-77
-60
-33
47
-56
63
-52
53
-35
-68
-13
-24
-37
68
-76
13
1
-84
-82
-70
-51
35
-27
-45
-81
-19
96
-50
-30
37
-100
81
-12
-1
-83
-31
-64
37
91
-10
22
-33
84
97
72
-83
-14
-92
97
-40
48
-72
-99
-83
-49
5
72
4
7
-95
-94
-90
-8
99
98
-25
76
-54
78
-31
91
44
58
-72
-39
-37
-82
75
100
-59
-36
69
97
86
-63
15
69
18
40
-99
88
85
35
68
16
13
52
21
-53
14
15
-98
-95
61
-64
-26
40
-77
-48
-39
-80
45
-77
88
80
13
-95
60
54
-76
-32
81
90
-7
49
-83
63
-76
75
26
-11
37
-21
-75
72
-84
36
4
-69
-47
-1
-10
-22
-14
-29
17
-79
-84
-50
72
-12
35
54
-23
75
-63
-59
-34
-50
-63
92
31
42
-83
64
64
-9
36
39
60
80
65
4
-2
54
-5
-84
-16
-33
-84
-43
28
12
6
-66
-89
-88
-5
-44
-83
-81
58
79
37
-92
-60
21
20
57
87
17
83
-8
-54
-10
13
-69
86
49
13
-24
-96
-77
-18
-46
-44
-24
40
-67
-26
7
46
50
-12
-15
-27
87
-27
-30
82
91
90
-62
99
47
2
-60
-50
-44
-93
51
68
86
61
100
-71
49
-79
-96
81
98
74
89
52
69
-20
25
-11
-68
-83
39
-9
-2
25
-88
-80
-47
-48
-32
69
-76
-58
89
74
46
29
-40
25
62
-63
-76
-37
72
-97
19
-23
-16
86
27
-41
77
-95
-23
8
67
52
98
-80
39
57
93
79
18
13
94
-25
-96
29
-94
-10
88
-39
56
61
-88
-67
-36
-22
-2
28
-31
65
54
-15
-38
-36
-2
-98
-1
-17
100
87
-14
-20
-35
-6
17
46
-1
2
-65
-15
-5
47
65
-34
-23
64
-47
93
-44
47
36
33
-2
87
-48
-58
71
-56
10
77
20
-76
-92
10
54
87
37
20
42
-71
-42
-92
86
81
-19
-69
-51
66
55
-81
-47
11
64
51
-52
7
-2
-45
1
97
80
-82
69
-77
88
-20
-15
-93
86
52
-74
-35
-43
-97
-59
-54
-15
92
-40
99
-45
-79
31
21
10
-53
16
-89
49
49
-91
-66
-96
1
-75
-54
69
-7
91
-84
-50
-82
-59
-12
78
-22
2
-35
71
54
61
-62
-92
-29
99
94
78
-83
-66
46
36
39
64
-57
30
26
20
-99
61
89
3
37
-16
-4
-37
-67
-74
1
41
8
43
83
-73
89
-2
-35
40
-51
-24
-6
-11
9
-29
35
-62
-100
29
-68
-62
-68
-34
77
56
80
4
96
-37
60
77
-77
-15
92
-4
-74
28
-9
-56
7
99
-19
83
-40
75
77
-51
32
46
5
-82
-76
7
91
71
-3
-32
-57
-95
55
59
-26
-74
-49
-71
35
-1
-66
89
73
-64
31
74
-18
-38
-69
92
7
51
-51
-95
90
-25
37
-67
-54
35
11
-40
-19
1
-14
33
-18
-59
98
-9
66
-38
-46
15
-27
24
76
13
25
29
-95
-12
4
33
-12
-15
85
15
-79
-3
-81
-12
25
50
38
-50
-48
22
-51
53
36
-63
-92
-43
-40
78
-73
63
46
-49
-92
-13
-67
76
61
24
30
64
54
-33
-69
90
-1
-81
27
-55
7
-44
77
-83
-40
-97
-25
-65
43
29
49
-20
42
-2
13
-58
-38
5
50
-8
-99
80
-93
11
-56
-87
10
68
19
89
-13
-39
11
5
86
-76
-33
-16
-25
-60
60
-8
69
57
15
-87
89
54
83
60
-4
-75
18
-96
94
-31
-68
86
42
-19
-36
77
26
-7
30
-68
47
-40
53
98
38
-74
-93
-29
-78
-10
73
-29
49
95
68
9
-98
-94
23
15
76
-76
-58
-38
-35
-49
9
55
2
51
-48
53
-72
28
-91
1
-65
16
-97
-15
70
53
54
-14
88
82
-99
60
98
-19
24
40
-6
-86
-62
68
-82
-55
-33
-99
98
-39
75
47
-43
30
6
-38
39
30
2
58
83
100
83
39
-30
32
-18
-54
4
51
98
43
6
14
83
12
73
-21
-48
-89
68
28
-40
75
66
-81
92
-78
51
-19
37
35
-10
34
69
35
10
82
4
-4
62
-73
-89
-86
-97
-41
20
33
-49
-98
64
-34
62
28
-67
-66
50
71
-69
93
90
-70
24
-75
13
-70
43
65
-26
48
-31
20
25
-5
50
-15
-70
89
76
75
25
-54
-30
4
-22
33
22
-10
-8
-35
-46
47
-4
-80
-19
9
-71
85
83
41
39
4
-61
-53
-4
53
73
38
32
65
23
82
-51
63
78
63
41
85
-13
4
41
-48
87
-90
-40
-91
-43
-89
-98
-47
18
-95
50
92
-74
65
65
24
-68
-60
71
-40
-55
69
30
-57
60
20
96
25
9
47
19
43
53
-100
8
4
4
95
-30
17
96
-69
36
-22
2
-15
-95
-72
16
-65
98
-40
3
84
-61
86
79
-85
48
-47
53
10
-73
-19
-67
-57
73
-100
-49
63
-56
91
49
-33
-42
57
-8
-32
79
-6
26
28
-58
-71
-21
96
-55
-38
85
-74
66
-88
-32
94
-42
84
-51
68
79
11
53
-82
43
53
-66
97
49
-49
50
-31
-97
13
58
30
-51
-42
-97
-74
-90
-89
-53
-35
39
38
31
38
-20
-99
-48
-73
-5
-38
-72
31
-83
-89
45
5
-66
-38
25
-94
75
-3
-19
-2
-12
-87
83
-88
13
-61
38
76
-6
100
23
42
-1
-5
-60
29
-63
15
-48
-13
53
-47
-98
73
43
-64
-75
-97
47
-27
10
73
97
60
-74
52
-34
-18
38
-82
18
24
72
-53
24
-9
97
-82
-16
9
-82
59
-70
-96
-81
-84
-11
-24
-70
-65
91
-1
2
-77
52
-75
-62
-17
31
-10
-65
-71
-31
-11
-21
89
-47
-36
77
92
67
-58
-67
-80
-13
-22
64
-5
-45
-78
30
92
25
18
-9
-24
65
77
-69
15
15
-22
-15
-1
81
36
-25
-58
51
-1
-19
-31
40
70
22
-12
42
39
4
21
98
46
76
9
-41
46
-48
49
-94
68
-2
25
-20
-57
-94
34
-77
-60
-24
-36
-76
-47
-17
-43
-60
-97
84
-38
-63
-75
33
-52
-75
26
3
47
-53
-66
-90
31
-51
-21
11
-100
91
-58
-98
-11
73
-28
1
-63
93
44
-54
70
19
38
74
32
-54
74
9
-7
70
-21
-80
37
100
-71
-77
87
94
32
86
62
-16
71
-40
82
-83
15
92
7
-100
90
-95
-29
-73
-22
-67
29
29
45
54
-72
49
-1
-8
-47
71
69
61
46
63
-7
-32
30
3
-80
-46
9
-61
-41
13
61
-37
65
-47
-43
15
-66
-10
-82
31
-39
57
39
100
-98
-37
53
-96
-99
37
-88
85
-66
55
-40
25
93
26
-89
97
80
93
18
43
-12
-84
44
29
63
80
6
-12
37
-98
-86
45
79
-36
47
-95
-80
47
11
-35
-60
-77
-2
4
30
-46
-47
-59
-84
56
85
-37
-71
97
-60
1
31
39
-2
1
74
-96
8
51
-39
21
-8
-48
40
61
55
-99
-42
96
44
-98
23
-35
-90
19
-25
96
-23
58
4
86
-1
-35
45
22
96
20
38
21
34
-22
-2
50
34
27
21
-56
-3
42
38
-40
21
-73
-11
-72
-31
83
29
89
-68
94
51
-41
88
-29
52
15
18
-14
61
-45
-38
45
32
-2
36
-39
-1
-43
7
89
38
-83
73
77
49
86
-1
8
-26
71
63
15
87
83
83
-2
91
4
34
53
-61
-20
41
-38
-23
-85
-32
-1
89
45
-48
-86
16
-36
43
-4
-75
35
-19
-10
20
-15
-75
-77
-53
-6
79
-28
-89
4
-91
81
56
-33
20
82
-67
50
65
77
40
79
-93
78
-53
-49
-59
-65
-96
2
17
-51
10
-28
-8
-45
3
92
-38
2
89
19
-5
81
87
83
-17
-58
71
30
93
-6
7
-65
-96
23
35
54
30
97
23
-42
27
90
-81
-70
-41
60
65
-41
63
-25
-77
-48
-90
-58
-17
-1
-59
-96
-62
55
-15
-57
-81
-7
50
-43
88
-58
-69
2
67
-95
-84
-89
91
-81
27
32
58
42
44
36
21
56
-27
-14
21
-47
72
90
-42
-85
-63
86
9
58
-86
44
-88
41
1
-48
-30
-97
-62
-52
2
8
-82
-73
68
81
-14
21
-15
-23
68
-38
-79
98
5
73
-30
9
-92
-61
26
-81
-10
-61
12
-89
44
62
96
22
49
25
14
3
-87
5
-49
40
-8
80
-49
64
12
-47
-56
44
-95
-36
64
-22
-100
73
-45
-64
-3
86
46
-19
75
48
99
98
-66
90
-87
-75
-8
-91
-62
-51
-31
57
56
-80
50
-26
32
-58
-44
40
33
84
16
58
38
28
17
92
40
-74
-10
-79
-35
-14
21
-20
97
-13
12
76
60
-9
95
-15
86
18
41
-53
-22
-11
-61
99
-22
92
-8
43
46
92
-62
-94
53
37
87
-75
37
67
8
85
87
47
-17
-77
-72
62
27
-8
84
-99
-80
-87
-41
-33
92
17
-66
-3
3
-42
-20
-64
-97
54
84
-43
94
20
92
-29
19
-94
60
33
76
36
-61
-49
-51
-47
-10
99
-13
-78
3
32
-83
2
75
58
16
93
44
54
63
-69
-49
-22
96
80
89
-57
-51
-4
78
30
68
92
98
-53
70
-57
-10
-77
-46
-56
-68
-46
-23
74
-31
31
-18
64
-9
64
69
-63
58
-4
93
50
47
50
95
-96
-87
33
14
-87
-90
67
-31
-10
29
35
79
41
89
-38
16
62
53
46
-73
97
95
-25
-99
-81
-52
-39
70
35
10
-57
83
-48
82
-78
77
63
58
50
-35
68
-79
-97
60
53
66
46
71
-1
-95
-77
7
-36
36
-80
51
-6
23
71
-85
22
-15
17
-27
42
44
28
29
82
48
82
48
84
23
3
-1
99
-24
65
-16
6
3
91
7
46
84
24
-52
23
27
52
10
31
35
-98
-78
-82
26
90
79
96
98
-85
1
58
82
-79
-15
94
-8
-41
-6
-55
33
15
8
-69
93
55
-85
96
-76
76
-27
48
39
-9
71
45
-65
80
64
-52
-59
81
48
74
9
69
29
-75
-26
-6
-3
-59
-76
58
44
48
-67
7
2
34
-76
77
94
56
-67
52
47
-94
59
-50
-75
-9
-57
-99
-55
91
79
59
-13
-46
-38
55
-78
28
-91
90
-71
-44
88
73
-57
-47
-40
-86
11
37
-11
9
-2
66
81
-12
-37
-62
-47
-6
12
-41
-85
-37
6
21
-40
43
25
-21
8
58
21
-57
-43
-60
73
42
43
-39
77
37
-93
94
-41
99
86
-19
34
63
72
-90
33
-54
95
-57
-16
89
86
-60
-16
-92
33
1
10
-64
-65
-93
41
6
-73
88
-74
19
52
-81
-74
-33
2
-89
-32
-13
-89
-83
20
90
49
41
-49
59
-1
-54
-29
51
-68
32
3
1
-95
71
-52
-62
45
38
77
-97
-91
-88
49
74
-76
21
-9
-26
80
-13
-74
39
48
3
-36
-38
95
-98
-24
55
79
93
-69
84
75
50
-41
73
92
50
92
10
24
-87
47
-22
56
-87
10
-7
57
7
42
-51
81
15
-35
88
-11
-83
59
-47
-69
1
-91
-86
21
-47
-18
-93
94
37
-66
-49
-59
-40
-33
-97
-9
52
73
84
19
-22
-39
10
-2
-37
-81
61
54
74
-93
-87
22
-20
73
82
91
-1
-46
-76
-40
93
3
-31
-48
-66
35
43
-1
-29
14
-31
28
19
-79
53
-93
-94
-47
64
23
14
13
-86
-95
-68
-37
-73
-40
-97
33
-28
60
-59
68
-64
-44
29
71
2
41
65
55
-17
19
-4
-37
-35
-28
51
-43
-51
2
-9
-16
64
100
-96
56
7
-62
51
-11
-2
-63
-44
-82
82
10
-21
-88
72
91
-61
-89
61
-53
88
-58
-88
29
-37
66
-80
-79
12
34
-8
-20
-64
-12
-27
23
-86
-38
-25
-23
-9
-6
32
59
-78
-36
-41
46
-69
5
36
-8
-38
18
87
-85
14
60
83
1
8
-47
85
-74
-87
70
66
67
45
63
-19
90
-17
96
-25
-34
25
64
-98
82
11
-54
-56
-55
46
95
-43
88
-37
-79
-32
-43
-89
49
38
71
-73
6
11
62
-25
97
-27
-46
-51
-32
68
34
-37
-19
57
-41
-23
-11
-84
63
-53
-7
2
-7
-5
-25
28
56
97
-95
71
96
30
42
27
-20
74
22
-67
-84
-8
81
-59
-85
-39
20
20
40
-90
-31
-27
-27
87
-55
36
17
-19
-44
14
24
79
17
-67
-14
16
56
-49
87
62
-78
49
6
-32
-11
-62
45
-1
-47
30
-97
-67
-13
-55
38
3
-42
-81
-27
22
-66
-65
71
-11
-94
-39
-68
52
-43
88
-95
-38
-76
66
34
23
-57
-6
-5
35
53
40
-50
-85
-73
62
-72
-33
39
-8
43
100
-89
98
-2
78
18
22
-58
25
-7
-57
54
-45
-1
-12
59
-74
-1
85
31
28
-65
36
17
25
-34
47
96
-50
44
-97
-26
23
-75
-100
-59
-67
-36
19
-16
-19
75
5
-97
-36
-14
-72
15
-35
-84
-97
-25
-15
-21
9
8
61
84
4
1
82
75
-1
40
-4
-43
86
22
57
16
81
-49
26
65
24
-13
-74
66
-63
-92
-60
-74
-82
-90
-81
-58
-21
32
-83
37
-53
-64
-69
42
72
67
-61
-2
99
90
-7
50
-10
48
-10
31
50
-5
-81
32
-37
97
93
8
14
-64
-74
-47
-29
26
-54
67
-77
29
-1
-66
-56
-30
79
-10
62
-94
-25
13
-78
90
-10
-91
-91
-2
-96
-49
51
72
-83
79
69
84
80
-78
66
44
-51
-51
-30
-29
-29
13
-23
-30
93
62
-80
6
-39
-90
-77
69
86
-8
-69
-47
-93
-75
67
-66
-43
-52
-72
-15
-37
-28
64
65
-46
-64
90
99
50
41
21
-4
86
-88
-44
-30
-61
-56
-7
-75
5
-6
-64
-64
-18
-88
-13
-35
21
-50
82
-71
-34
-75
-37
90
-56
-83
96
15
81
54
93
-45
-74
15
42
97
97
-62
82
-55
77
-66
46
-15
-61
61
94
-36
68
-9
68
-93
78
4
-65
1
10
-21
26
15
-10
23
18
-19
68
69
40
54
90
36
73
40
64
-39
-45
-45
17
-64
56
-78
1
69
-39
7
45
-14
69
-56
-37
40
-42
-3
6
-84
84
-89
31
-89
91
25
7
-90
-88
86
-77
80
30
53
56
61
5
33
63
86
76
-99
-82
27
54
71
62
-38
-75
29
-14
-13
-98
45
-9
76
-67
-63
-28
-52
-90
-87
58
-17
13
70
-100
-1
57
1
-72
87
-64
-19
8
-86
-18
47
-62
-13
85
57
82
-18
22
-61
92
92
4
32
95
-68
-82
-25
-56
-39
-17
61
82
-84
-44
-18
69
19
-42
-91
9
2
-91
-35
-32
-73
16
-81
-5
55
24
15
-24
-31
-80
6
49
-15
97
-100
-94
-47
-33
62
-18
14
-60
-86
-99
50
39
-50
29
66
-96
-32
-23
-56
19
37
-79
12
-72
88
42
17
44
-49
-71
-65
-86
-71
80
-12
-20
21
95
-87
-6
26
-34
22
-1
6
-55
-18
-67
-48
-67
26
12
-47
30
36
-81
98
68
72
-27
81
82
-80
-44
-25
-78
-61
-15
-100
-51
30
-70
-30
48
-99
85
51
-2
66
99
-32
96
-12
-13
60
-52
9
71
-88
-70
78
24
17
-42
-88
39
76
-68
7
56
68
94
4
-81
99
-73
61
-16
17
76
39
-14
22
-20
50
51
-34
-29
-95
-31
49
20
-53
-26
-13
-67
93
-65
61
-2
33
-16
-32
13
-4
14
-54
66
-34
-80
30
-6
-1
17
40
80
75
-12
-9
-53
9
54
-78
100
85
93
-66
-93
31
90
70
-99
70
-3
-58
-100
-27
77
-61
-63
68
1
3
-90
-55
-22
-84
-91
-47
-20
77
-52
-54
-39
-62
27
46
15
-96
-82
-88
-29
-96
44
-54
-83
-47
74
-99
14
-41
16
9
45
-60
47
55
-26
-41
-91
-30
40
16
-65
-96
64
-63
49
44
61
-25
-37
-93
-79
90
-14
71
-35
43
-66
17
47
12
32
59
-12
15
42
-83
3
-20
52
-66
-97
10
45
77
-20
-30
83
-29
50
91
82
100
-14
16
79
84
78
26
85
81
-21
-88
57
-96
37
11
-23
14
26
-82
-13
-18
-70
98
-87
-91
55
-76
-56
-32
28
-34
5
94
-59
94
80
8
-15
-72
-95
80
30
31
82
27
16
-17
30
-78
-23
-86
43
-82
40
-88
91
-44
42
62
5
77
14
52
-50
76
-37
-91
67
49
15
-50
90
-87
-75
35
10
94
-58
77
-53
-94
73
79
-47
-54
38
75
-12
-84
-83
3
-58
-8
-8
81
86
-74
57
-4
-3
72
-60
42
-4
-41
-73
3
72
70
-83
23
68
8
-38
27
39
27
91
90
11
46
55
-78
13
49
-43
98
67
77
16
-34
68
22
-19
-28
-53
-59
-41
43
21
-75
17
-95
8
70
93
-60
-44
-92
40
25
-82
34
36
-95
18
-6
-28
-76
-36
-81
61
21
6
-34
-12
51
58
-62
-23
27
-46
91
32
-58
-13
-55
98
67
91
76
19
-93
98
-51
-35
74
-55
15
-44
-84
64
96
58
17
64
-71
-93
99
31
42
99
84
47
31
50
-32
-49
51
1
16
11
-44
-71
-16
-63
78
-93
27
-13
-59
-67
-87
-93
35
-36
35
46
-74
-72
31
53
-44
23
-46
8
7
50
40
35
-6
-25
-50
70
42
-19
39
77
71
26
-14
-95
-35
12
59
47
63
-39
19
-13
-74
30
-12
18
-59
9
-90
40
-95
-95
94
20
-21
-7
23
74
-41
30
26
81
76
-73
-67
-30
-35
75
25
76
-60
48
28
-98
-33
-64
8
50
42
-52
98
-69
51
-86
59
36
-96
-23
97
-96
-87
-64
24
17
17
-93
35
-92
64
-90
-59
11
53
-17
32
-98
-3
98
-84
95
-47
6
-24
97
86
-34
84
45
97
46
68
-94
-90
17
98
95
-51
-37
-37
46
-33
-72
-65
-83
82
-92
-92
19
56
-14
32
66
-99
78
-55
-57
92
-66
-15
43
10
12
70
-36
81
40
50
14
-37
87
-73
-8
97
97
21
-40
68
12
-31
73
92
-73
48
23
90
65
34
-61
29
16
-42
95
-29
97
-33
15
-20
-11
98
90
17
75
39
-78
-79
-70
81
-70
-95
9
81
-82
-16
-26
12
-6
38
-84
-29
13
-71
-34
-23
40
67
-24
73
97
-9
45
77
43
-47
25
-21
-21
46
-75
63
-92
-20
-89
-80
31
68
-28
-21
22
-63
61
99
-3
99
-23
-5
-46
21
-21
77
49
59
-86
-63
97
-48
-22
-20
87
-82
-20
-47
-13
-37
26
38
-91
-60
20
23
-9
-19
12
-31
-73
-28
45
10
-11
49
29
29
-34
-36
-54
-94
2
81
91
47
70
46
64
64
-14
42
37
100
-24
-17
-25
26
-39
81
-83
24
-33
-71
-86
-28
62
-1
-27
58
45
-59
1
99
92
30
-48
61
28
39
-46
-40
-59
-20
37
13
-58
99
-67
-83
83
19
-43
-8
9
-64
-87
16
-34
-14
12
-80
-37
23
40
-79
8
-24
84
-57
23
-30
65
-40
78
-25
-18
43
43
83
4
3
-27
-56
-99
9
-8
96
45
-54
95
-59
-8
-48
-28
-72
-60
62
39
52
-7
-61
66
41
100
-5
75
-73
-59
23
-17
-11
20
-83
-44
-71
-41
73
100
-69
-4
-1
-45
50
78
-79
56
92
-18
-22
-90
76
-12
55
-78
-17
-51
63
48
-21
31
28
-13
79
33
6
-25
98
-5
-3
-11
55
78
-66
41
18
-47
-20
88
-85
28
-43
-53
-58
-74
90
-70
6
43
54
34
86
25
-82
-81
-13
-30
74
-8
-92
78
-8
-44
-95
-46
25
-83
-12
-86
-73
-3
78
-33
-69
-6
37
94
91
52
-11
-28
8
3
88
40
-22
-55
-78
29
17
-7
-5
72
55
1
-83
70
-57
20
99
-90
-27
-62
-7
82
66
58
23
-43
-53
-37
71
16
2
92
2
-6
40
-94
83
54
40
-42
1
-30
3
80
24
74
28
-36
-71
79
-32
91
-27
-21
37
-5
72
-91
-72
12
-28
-5
36
-22
88
-4
53
-36
-78
-82
-13
-86
-96
32
-55
89
-15
19
-74
27
88
65
-98
18
-80
7
-53
-89
-14
-27
-9
-81
26
25
-99
46
95
-97
8
93
-30
-40
-88
-96
-51
39
53
82
57
31
-23
99
9
49
32
87
-81
89
-98
-73
-58
62
28
35
54
-46
-11
70
30
94
-74
35
46
-30
78
-57
63
-28
2
-34
-84
-67
-67
70
-13
97
-28
-17
100
-74
88
42
71
88
-81
86
69
-80
5
-97
50
95
-52
84
-51
17
-90
96
-7
-23
100
-1
34
77
25
4
-49
10
-75
-91
-8
-52
71
24
-96
54
-2
39
64
96
32
-1
-3
81
-66
29
44
-9
-77
27
-30
97
40
-60
84
53
-55
-35
16
42
35
-43
4
-75
96
67
96
-99
89
-95
2
2
10
74
51
-67
40
-27
94
-2
33
66
11
96
-4
-67
-90
-91
-53
99
-63
90
55
18
-10
85
44
71
36
-9
89
17
-34
-3
-92
3
55
6
32
51
-61
37
-34
91
-39
55
21
-98
24
-94
99
-50
79
-6
-12
72
40
87
23
24
2
56
-88
45
44
-27
44
-55
58
20
-74
-58
2
54
67
59
-8
-38
15
-80
48
-36
82
12
6
-37
17
0
