68
14
19
-10
31
7
-42
32
75
30
9
-1
53
-16
-13
69
-59
-7
-31
16
25
28
82
-84
-73
7
65
13
-66
37
33
60
61
13
96
-1
21
-83
-56
-96
11
-34
-77
-17
-21
9
-99
55
-73
1
-75
-12
73
6
18
-22
35
61
-13
64
65
-87
-31
19
36
-76
72
-29
29
-67
-44
79
-25
69
80
81
95
41
-97
33
-67
63
96
91
86
76
-23
99
81
91
21
-44
-82
93
40
-52
-29
91
25
-73
-23
96
74
-84
-32
31
95
-42
-30
77
-95
-48
64
-3
-45
4
1
40
35
83
-63
13
30
-63
-78
76
25
-1
-21
-31
-55
-62
-45
-59
42
6
-23
-24
-71
40
-99
6
72
-43
-14
-76
-17
-75
2
-88
-13
51
46
29
-93
84
79
69
49
-21
-60
-59
-62
96
50
24
5
-23
13
-1
-73
-12
87
-30
78
74
-77
42
90
12
15
34
3
-74
-32
3
-17
41
-16
-39
-48
-35
-83
-14
25
10
49
12
-64
93
67
65
57
-33
7
-47
-75
-23
-34
-44
24
21
54
-46
-61
57
4
-100
28
51
-15
36
-50
73
94
44
-76
72
87
-12
-69
-85
-74
52
-69
20
73
54
56
-20
85
-66
61
-37
-17
-77
-59
17
15
39
-95
-74
27
-34
60
-67
20
35
-19
-71
17
-48
34
-45
-88
71
-59
-39
-25
-1
-79
91
94
85
-23
-98
-79
82
58
-15
-88
-28
-67
-63
-83
-24
18
-86
-35
-17
-76
94
51
-98
-33
28
74
84
-33
44
33
-3
-29
-24
-79
44
66
52
70
63
-86
-3
-16
-50
-88
79
92
-74
-37
32
24
-79
6
-38
19
-76
17
46
-61
71
42
33
-30
93
18
-3
97
9
-55
46
74
-76
-80
49
-9
26
-30
-15
56
13
-1
-94
15
65
-6
-44
-44
55
57
-8
31
-35
-63
88
-60
-11
26
81
14
-18
90
96
-28
-13
61
-56
-28
67
-45
-31
-41
-12
-24
-63
-67
-20
38
55
46
37
92
-27
73
80
-17
-28
-45
66
13
-12
58
-94
-51
49
-48
-17
18
64
46
-77
67
-31
21
98
18
15
-40
-32
-58
23
98
-80
94
-28
-11
61
98
-100
23
35
-23
-51
-96
5
-78
-14
-94
-100
-72
-78
-87
-43
89
-51
9
-67
95
51
-82
-79
86
6
-23
19
88
-40
46
-59
81
11
92
69
13
100
-10
-71
32
13
-96
21
86
-23
-56
70
76
17
-61
-38
60
-64
81
77
93
-35
96
86
1
-73
-83
-55
13
23
-28
-25
24
-1
21
58
-84
-4
61
37
40
20
-40
70
84
-46
-36
91
36
-13
57
-27
-28
94
80
53
1
-7
14
47
45
1
21
-66
26
-75
-51
-44
-33
70
-36
36
-65
-53
93
63
85
-3
25
-42
-36
-71
67
51
-25
-90
-80
17
95
28
-39
-20
-7
-53
95
-14
-78
16
-99
-35
-74
84
16
-61
49
-29
1
-22
62
-17
90
60
25
91
64
97
18
85
-17
72
-1
54
61
-75
-99
-20
-21
94
67
95
-48
48
42
16
72
16
-78
64
54
48
43
17
78
-70
70
95
-27
-92
76
-33
-72
-77
-73
90
-3
-50
47
32
45
-34
-39
71
-22
-29
-29
-81
-59
5
46
38
-80
38
7
72
48
79
90
-11
58
76
-62
81
33
-40
-73
-29
-83
-27
36
62
-44
-12
75
67
49
71
-46
17
-45
23
-36
48
6
-39
13
-56
60
-95
-91
-61
-74
32
1
50
-1
26
47
-62
-44
-88
43
3
-24
-91
-90
40
-92
15
69
-85
1
-66
-29
24
45
-88
42
-54
72
-11
94
-28
-64
-51
-25
-63
31
-51
-85
43
83
-54
82
83
-99
-6
49
-37
46
75
-32
20
99
-12
70
-84
-88
88
-18
38
62
-25
-41
6
51
-93
-28
68
11
-38
68
-35
5
50
-42
94
-39
-66
-11
60
-8
86
55
-17
-43
-84
-43
-56
49
-70
1
-57
-30
-45
-44
-37
16
-97
98
14
-83
-22
5
41
-79
-75
-54
-85
18
92
-7
-64
-62
-47
-47
48
-47
43
-74
45
92
99
-17
-23
-78
21
-58
46
-80
-18
84
-43
34
42
-52
-45
-83
-82
53
85
68
-10
83
53
-45
-46
63
37
-56
100
-75
7
-88
99
-12
91
61
-100
-98
20
-84
69
-27
32
-40
86
6
-32
51
-14
5
-44
36
52
31
3
-55
-31
16
-19
-59
8
21
-21
-72
50
69
-38
-81
-3
-66
69
44
-56
78
-52
4
-75
-68
72
-99
100
-96
-15
-62
89
16
86
39
44
29
-12
37
59
77
-27
-20
-9
-84
-83
-89
-88
98
-42
18
-53
-72
-77
-29
-91
-5
5
78
4
-7
-3
30
-39
66
62
-45
3
-76
-81
-65
50
-43
82
35
-61
57
96
61
-6
-54
-57
-25
1
-47
-78
-91
100
60
29
-11
-2
-77
-96
-42
71
-7
28
-60
-69
-66
-56
-1
-24
-19
-49
99
84
41
47
-61
17
-90
73
6
39
-61
59
-70
-2
77
78
61
-49
-14
28
-96
-34
9
-7
100
81
-96
-18
80
-68
-26
-93
31
-13
-60
38
-70
-30
44
1
-19
-71
-6
16
-95
-74
-9
55
25
96
-87
-33
32
-23
67
-23
33
98
-74
-83
69
83
-5
47
-47
-63
-91
87
-48
92
32
54
16
20
12
89
66
99
15
94
22
20
68
69
-24
93
37
-10
53
-57
-48
71
32
-51
17
-93
-31
82
-32
24
77
-12
46
-3
-12
69
52
-51
-100
9
54
-20
-92
80
24
59
-61
-75
-56
30
33
90
3
62
-6
-55
-81
38
59
-92
90
-4
9
43
-93
-88
67
-46
-58
49
-29
12
-47
-62
26
-8
64
66
-41
13
24
81
51
-27
-38
-48
94
-72
-97
-80
56
90
-13
45
37
-79
-43
77
63
53
86
82
38
-72
11
-51
-82
70
17
-44
-21
-96
-15
41
82
19
42
-93
-3
91
26
-48
-6
-32
-87
-8
76
-95
84
-92
-60
-97
-27
-83
-26
19
77
39
-100
-98
32
-11
87
-27
87
-3
-84
6
-48
-48
-31
15
-3
-91
-32
31
-79
-17
-25
-90
-97
22
-92
51
25
51
-71
-52
-62
-71
-61
80
17
-39
-53
-5
59
-37
39
-76
-62
-89
-26
-16
11
-75
70
-69
-28
-79
30
-56
-98
-20
97
73
48
70
53
55
5
-57
84
60
16
32
-92
27
80
-31
-96
-92
-92
6
79
-56
-96
-43
-21
79
-9
19
77
-99
-73
9
-21
31
38
-84
20
-78
24
-34
85
56
-92
1
94
-13
-73
87
88
-47
29
-40
95
75
-28
-69
16
-3
-89
-63
-92
-24
22
44
44
43
70
-28
-80
-58
42
13
13
15
-69
69
16
4
-11
-98
40
13
20
-22
44
-29
64
97
22
24
93
-40
-32
-59
72
28
-74
91
-34
-74
-27
-33
71
-93
15
17
9
4
-11
-41
-20
-16
55
-72
-88
-57
-35
77
-65
-47
-31
63
-25
93
-2
81
32
-55
-90
85
-49
-46
98
-14
40
-97
-6
-7
91
70
27
-5
-79
-31
-63
-66
32
60
63
-82
41
-21
61
88
58
-83
-9
-98
61
-91
-90
-48
-24
-54
19
69
3
-95
-70
37
-53
-50
-58
45
14
90
-46
84
-62
-69
27
61
89
11
94
-14
24
-37
56
-88
-95
34
-95
-29
70
-34
80
27
-2
81
-80
57
15
86
-15
83
-75
-57
-5
-95
-74
46
72
-46
-55
31
-45
27
54
97
57
7
-97
26
-97
19
95
-45
-78
21
-3
39
66
31
-72
18
-26
-10
-13
-83
-45
-50
-96
19
-6
90
-15
51
21
94
-21
27
-3
88
79
57
-7
-12
-95
-30
-99
32
-26
30
18
-57
-92
-89
52
37
61
91
-62
-91
55
-40
-81
28
-97
-29
85
82
-8
58
81
75
53
-64
98
-15
-94
24
-28
60
65
13
-93
-78
-94
9
-24
19
-49
41
-26
-5
-28
-44
51
3
1
32
-79
97
64
-66
-80
-78
32
17
-66
98
38
67
87
-45
32
-6
83
74
-30
-83
-33
99
59
20
35
-3
-35
-48
-47
92
-61
13
-42
-2
-93
82
87
23
31
-12
81
-43
70
62
77
-46
-46
-93
13
-76
90
-50
-16
72
-94
-35
-34
-97
86
-58
41
81
88
-7
96
-100
-32
-15
46
-35
-81
-36
77
-3
-18
-77
34
1
29
34
-49
93
-32
99
-96
85
77
38
65
97
86
-81
-6
-65
-86
-86
-20
66
-80
-70
70
-87
-34
47
-47
-61
39
7
91
82
-49
-52
-98
-99
-87
-79
84
-94
-25
-78
74
-64
-49
-62
79
30
-47
-35
67
28
-53
-66
-61
78
-77
99
31
90
-34
-84
-43
19
-83
72
30
-78
-8
80
37
30
-10
14
47
53
64
-77
-67
-19
-75
86
-12
17
23
71
-50
-16
-8
49
22
-51
40
-36
-70
37
50
-38
-88
-93
-57
64
-19
-62
-64
-42
44
-59
-92
-12
-33
-23
39
-53
24
2
38
-95
-2
28
-58
-68
32
87
85
-33
11
58
1
17
86
-63
87
-80
-51
67
43
-10
-84
92
82
4
-53
60
-12
91
36
-100
-13
-20
-2
-86
46
79
-94
46
35
-2
58
44
-46
54
91
-31
80
-91
-15
-19
-6
34
10
-32
-90
-23
41
21
-50
38
-18
7
-30
56
94
-46
70
-26
1
19
81
-96
83
-94
-73
81
15
-96
-15
14
84
-17
26
92
58
-24
98
-50
47
47
-15
-19
68
-47
79
46
65
-53
-3
99
-79
-91
-72
-54
-72
31
-62
-42
-93
3
32
-76
-43
-43
-5
75
62
75
-72
73
-95
-100
-30
-36
-35
-6
77
76
7
18
-4
-70
-99
14
64
21
65
-83
20
-55
22
-15
-34
-31
79
18
87
-72
-77
2
-96
65
14
-76
-84
-19
5
11
-69
-45
100
-80
71
-27
-49
-27
-37
-65
-36
72
-3
50
-16
-90
-21
55
77
40
-84
82
68
5
81
-4
-58
88
-41
-4
54
-95
81
19
-85
53
-38
15
87
-36
30
26
-18
-67
-36
-79
13
-11
-28
-38
90
-8
10
84
28
98
18
89
-54
27
20
81
-50
19
23
43
88
79
50
-54
-71
93
-88
-60
-35
-44
97
4
4
-97
-6
49
32
85
60
-16
38
29
-95
-17
67
61
-73
18
-85
-67
-99
-56
-25
27
-21
-40
47
-1
7
42
-73
-2
76
-5
65
-95
-33
-96
26
35
-55
-89
-45
-22
-74
37
-26
7
-28
-45
53
-68
-23
35
67
3
27
-99
100
-95
10
32
92
7
-25
16
2
-82
91
23
-67
82
79
72
-13
-37
-86
38
-36
42
39
95
-80
42
27
-91
10
-78
-76
-13
13
70
-68
17
-74
-68
-45
71
-19
8
-22
38
31
-13
-42
-45
76
-76
37
50
-37
-45
-60
-67
93
57
13
6
-61
76
87
86
14
71
-32
28
-2
-39
-58
-56
14
-75
-43
-78
-86
53
24
67
63
-90
89
-18
-80
53
-35
26
10
-16
90
22
13
-3
-73
99
9
-75
50
71
19
56
-16
83
-13
-71
70
-47
-12
73
-13
-70
-84
-51
28
85
-87
-99
-14
48
-80
66
-15
-50
-98
50
-77
-84
-43
-59
-10
73
19
29
-1
-29
83
21
36
61
14
-14
20
85
15
94
-11
-65
16
33
-16
16
74
-9
16
-45
97
-36
-15
82
-21
10
26
-42
-71
-60
-74
-55
-71
54
52
-48
-100
77
-21
-85
-13
12
7
-27
26
-82
77
-3
-57
-78
78
75
90
-91
86
-26
4
75
-90
44
24
95
51
-95
48
-60
-36
-61
89
-46
84
8
2
30
-67
-2
-24
-87
-82
-15
18
56
77
-46
27
9
-91
97
-71
-7
-8
-72
-94
98
-68
7
-3
-70
92
-92
-83
-7
-57
-51
50
62
69
36
25
44
-27
-84
-21
-11
53
-46
-53
-56
-41
-78
-3
80
35
-4
22
-84
27
-32
-70
-15
-57
-58
-68
-93
-72
-95
-18
-98
-51
-65
64
-72
10
-74
98
-98
-99
54
-60
-68
87
91
-93
-92
-60
-28
-82
-27
-49
-68
10
22
-7
-57
70
-21
-71
6
-14
-48
-59
-79
28
-39
42
32
51
-62
-97
18
17
-4
89
21
91
-82
-74
30
70
-32
-6
-91
71
-4
3
-69
-31
-29
-17
39
-36
-34
73
-42
-16
-75
-81
-23
-59
11
-11
-61
76
81
66
-68
47
-64
70
92
-88
-35
-51
-51
84
32
96
52
-46
87
-76
69
58
10
23
-48
65
-58
15
80
-70
43
91
79
86
-81
65
53
31
-95
-96
-15
-36
-79
50
-90
28
53
-66
17
-68
-43
-81
-6
81
59
48
-63
-95
-85
-87
-23
71
-19
-94
74
-57
77
-13
76
-99
57
-72
-38
-58
-96
87
40
-70
44
-7
-41
-7
-14
25
-28
89
-32
99
38
-19
71
-90
-15
-11
-48
1
61
-15
91
42
96
88
35
-29
-49
-42
50
40
-73
95
-29
85
35
62
96
54
-70
10
39
55
-43
-85
-83
93
85
-48
12
30
-58
-44
-21
68
-76
-10
6
-55
-38
14
-59
-16
-46
42
92
-21
-37
-95
-39
-30
50
-29
-49
-76
58
-2
100
-69
-83
75
-81
-52
-1
-7
-21
-77
7
-91
-11
42
73
69
-18
-1
-13
-2
-76
-24
-66
-59
80
97
-19
-28
75
28
84
5
-87
-14
86
34
-78
15
52
-1
47
-62
-48
-89
39
-60
93
3
-15
-22
-79
-72
62
33
-33
31
-45
-2
92
-78
-12
-38
-78
56
48
-87
-11
-16
32
-16
87
-40
-87
-78
31
43
81
-82
-72
25
-20
49
-78
77
59
55
7
-76
10
19
29
57
-72
-4
11
84
-20
65
-5
65
18
47
66
-59
-76
-20
61
22
-30
-40
-11
-54
67
-99
-59
-70
29
-11
17
58
-37
-97
-6
-13
-52
84
78
-16
5
22
51
-51
-96
-66
-77
-44
50
-15
41
83
53
95
6
27
92
-48
22
5
60
-43
-22
36
26
-75
-32
-68
46
64
-60
-95
-10
-97
-5
27
-88
-84
-80
14
-96
-39
-42
-34
-69
-55
-14
-56
20
12
-71
-57
-83
92
-74
-57
-37
5
36
44
-86
-58
-79
-34
17
53
70
-59
34
15
2
62
-42
59
-29
-39
-58
57
-39
-100
-90
-44
76
33
48
80
44
19
86
-3
-74
17
-43
-44
73
-79
-83
-15
-59
55
-66
45
25
43
8
87
-98
68
-13
-25
25
-11
24
83
-7
-1
87
85
-96
83
31
-65
61
-29
-42
28
99
-97
25
42
-57
1
-4
-73
2
-71
-15
-44
-44
88
-49
-88
100
-49
-48
-58
85
29
-54
44
86
70
-36
2
-30
39
-46
23
56
-30
-26
69
18
100
-46
-23
30
55
80
-97
37
100
-27
70
74
34
78
-100
23
90
84
-62
50
-22
-65
-47
-12
63
86
4
88
-96
-4
15
-57
-6
73
-97
-96
-69
-17
-36
-41
51
-74
-47
-96
29
-63
97
77
93
80
95
-69
-81
-16
-15
-94
33
10
-59
-10
-4
84
1
4
80
-67
-49
67
5
-65
71
-6
45
11
99
2
31
-22
-62
30
1
73
22
22
18
-65
-90
93
-84
20
80
19
27
-22
63
-40
-67
-95
76
22
19
5
-8
-80
-34
-25
-68
-19
-10
34
-15
42
41
-71
-54
52
47
55
-26
-76
-57
-85
22
96
-38
-62
-17
13
-69
33
-75
70
16
71
80
-71
-23
88
-78
-48
-4
52
-84
41
78
-88
-24
51
36
72
64
55
41
100
-36
70
-89
-93
2
88
-34
18
-16
-5
-70
-22
87
-81
-89
-93
-46
95
-32
13
58
-53
33
64
-54
47
-24
-3
46
22
-11
80
75
-19
62
-53
67
80
-49
17
-75
85
-41
70
-8
-3
-66
-78
-87
-94
1
-17
66
98
-44
74
-49
8
-71
-28
-99
-53
27
65
15
26
98
4
94
-60
-74
33
-75
-62
78
-6
1
63
-14
-63
23
66
88
50
25
80
-83
-79
-7
44
82
-30
53
-14
-10
40
-62
67
30
-80
88
8
29
89
46
98
-27
23
4
11
15
-54
-3
38
62
-59
-64
7
71
-97
-9
-1
-48
82
44
-32
-100
1
65
-84
39
-29
34
-87
-9
30
-83
14
-14
-18
-19
96
31
90
-47
66
-15
-38
-61
99
20
-54
81
77
79
-79
10
58
-14
1
-48
-65
18
-98
-51
70
35
33
93
30
73
42
-93
58
-96
-57
32
-89
6
39
5
71
-14
-100
-42
-50
-70
48
-15
-16
27
23
-3
48
-79
-98
-10
-54
-25
77
-3
-13
81
73
82
52
69
-9
-15
24
26
77
-89
-59
18
82
43
58
83
65
-22
89
15
-86
57
-66
16
49
-10
-41
-32
-21
-70
27
-66
-37
-8
-8
90
-30
-74
23
-71
59
42
-36
-61
30
7
-57
92
-53
98
17
39
98
1
-99
42
25
-100
87
50
58
-93
39
16
78
-75
96
-54
37
-41
88
-10
-33
-30
46
32
-51
48
-23
-75
-39
66
-86
69
5
95
32
-8
-65
77
58
90
-35
16
28
-78
-71
-24
-54
-67
43
11
32
-80
62
73
-71
-95
59
-18
98
38
-60
11
82
52
-49
51
41
65
-39
-28
-89
61
-65
-32
78
-65
-52
-37
73
-13
-84
82
83
-1
89
14
-26
-23
-86
-75
-32
-33
-78
1
30
-19
-41
-22
45
74
14
-5
-77
-16
-69
-84
35
39
-3
-87
-52
46
-7
-64
46
79
-97
-47
78
53
-100
-21
-16
72
62
-99
-7
-11
72
97
2
20
2
62
-7
-31
-44
21
-20
-46
47
-42
7
-37
-35
18
-88
-54
87
16
71
15
-11
-31
66
-39
-23
66
60
-57
12
-7
19
-62
-26
14
-34
32
84
-19
98
-33
-98
-21
63
-43
-50
-24
-53
-46
-21
14
-79
-7
-30
75
-48
98
-95
83
61
58
31
49
-99
-50
47
35
38
80
62
34
-12
26
-25
-78
-73
86
-5
29
-63
62
30
68
16
72
-52
35
40
60
28
91
74
-18
-58
50
-43
8
-68
2
-56
53
3
1
-13
-82
-1
48
-66
84
-91
-2
-97
29
72
15
-6
-22
-91
33
-93
17
78
-85
11
85
4
1
-51
-14
90
98
24
1
32
34
66
1
44
11
100
-68
-10
61
-61
78
99
-50
57
36
30
69
63
-80
-29
-82
-41
-41
-41
-93
-12
66
13
-29
61
-16
72
-2
50
69
53
-29
-52
10
-73
79
18
-51
-91
-67
-74
63
65
5
7
8
57
18
22
77
90
-96
43
69
-66
12
44
54
14
-37
29
46
-37
5
-24
80
-67
15
-50
32
66
-88
-38
-56
60
31
-88
27
-32
-75
-85
64
33
-31
24
40
-11
-57
-76
59
-44
14
-9
-21
-56
47
-41
-12
-27
-99
-17
-73
-1
78
25
22
26
-26
-97
66
58
-43
-35
-18
-24
-28
-98
34
-53
17
-37
-69
-12
-99
-27
13
41
-60
-62
20
-79
-2
-66
-11
66
-55
28
-44
79
34
56
53
74
-100
-31
-66
-32
86
-83
-81
98
-33
52
91
-73
-58
96
35
-65
65
80
-81
-16
8
7
82
-50
-51
71
-59
-45
-89
-88
51
-70
-67
-9
-87
46
-40
10
-25
-47
-50
-23
47
32
-39
48
73
11
-23
82
21
59
8
-94
-18
30
94
51
21
88
19
39
-28
89
94
75
77
-85
29
90
39
38
-27
83
57
-56
80
98
5
98
-19
2
64
-60
40
55
-5
97
-56
15
-53
31
4
46
82
-55
-38
75
78
80
-55
-32
-50
26
-20
-17
55
87
-70
-72
-62
-49
-30
4
-50
19
-35
-45
-46
-37
64
65
32
-68
-14
-36
83
-92
-45
9
93
43
23
-76
-49
13
78
-77
46
-85
-13
48
-6
-34
46
76
8
35
-73
-81
-70
-52
39
2
-63
54
-61
51
-39
-19
-87
36
98
-18
94
-2
49
-73
9
38
54
-40
81
-37
65
-5
43
95
-77
-25
-5
-52
-79
-10
-50
-40
-71
98
91
1
-47
37
-26
71
70
5
-13
11
98
15
52
48
-39
37
-81
-30
-91
90
-15
-59
36
-39
-88
-9
100
48
-14
-70
29
97
21
36
-42
-18
68
-16
7
-74
45
44
-22
4
19
12
60
-87
-81
52
15
10
18
99
-38
-54
-9
81
-58
32
65
30
95
27
-31
-65
7
-61
-100
-68
-68
63
87
-63
3
-9
97
-48
-87
78
92
12
-79
34
21
-42
-35
65
56
-18
98
-58
56
99
-54
-68
-100
-98
-35
-59
-38
3
-5
66
65
65
-40
-57
-43
-4
84
73
-95
70
-5
-88
74
-22
-82
-35
79
54
-58
91
99
-87
-87
46
56
67
91
61
-76
-5
38
-63
-50
-8
86
75
-72
-8
94
79
-100
-53
78
-66
-69
81
-34
4
-77
-20
-4
12
-78
24
-100
-3
16
-62
41
18
14
60
98
66
99
-72
-19
-39
59
60
75
60
47
3
-29
-67
59
-85
-66
-59
11
84
4
-58
60
31
-86
-80
-44
-67
-19
-43
-83
-21
36
-88
40
-43
-50
-66
8
17
25
79
-24
100
-70
-22
30
6
88
10
-57
13
97
-30
-74
27
-55
82
19
36
36
-17
-46
-46
-81
-83
7
-39
94
-92
8
77
10
34
-25
-44
44
-47
53
-35
-51
-57
-62
-41
16
69
29
79
28
86
94
-5
34
99
71
-62
-55
45
48
38
19
-54
-19
-76
34
-17
-40
94
15
-63
-16
-33
-63
76
64
98
-69
26
-17
79
-54
77
-14
-81
30
-62
82
86
-53
-18
-1
-43
-11
-15
84
-28
-77
50
-18
100
-33
57
-49
50
-38
-54
-63
-26
78
70
42
-94
-93
74
36
-80
25
77
-100
73
12
-85
28
9
42
-58
-63
35
-16
-93
37
-26
-2
21
-50
-71
69
-81
-33
-49
43
-23
-37
-42
-82
51
63
44
-38
24
19
-30
-30
91
93
47
-91
-63
38
-74
47
-8
50
22
77
-74
52
98
46
-87
-64
-62
53
100
49
94
55
-65
87
17
76
-53
14
71
-42
60
-38
-32
-54
-38
-99
-73
60
-42
-32
52
-59
-32
81
-52
-59
-76
98
-94
-2
79
-29
46
-53
90
-17
-10
43
33
26
-82
89
43
-86
-58
51
-77
-15
67
27
70
29
17
-28
46
-26
-4
47
-20
38
43
38
-65
-4
85
-44
-7
-65
98
-7
18
47
-29
12
37
-34
65
4
67
93
-75
95
99
-14
-10
12
62
1
79
-92
69
77
-10
16
-91
99
-31
45
-71
51
23
-12
5
42
26
53
-74
-12
-50
99
7
-76
-52
1
-62
-77
40
86
-86
-58
-80
-43
57
36
-61
-69
93
-16
4
-12
-55
40
-96
73
5
19
-9
-32
-88
-96
11
-2
61
42
45
55
81
71
-50
-50
91
-43
21
94
-28
-7
-21
-1
41
-76
-88
-70
-71
-36
-12
54
-56
-55
-99
47
-88
30
-19
-8
-28
76
-94
41
-1
60
-66
-37
85
80
21
18
5
89
74
-67
-51
-57
26
51
88
-20
-91
3
-34
-93
63
-66
-32
-4
95
-6
-9
60
100
97
-2
-78
11
-60
6
29
90
60
2
11
21
44
-100
-42
-59
-24
-10
-38
31
-2
60
-66
9
-7
-92
17
-97
6
92
-76
-24
-38
-51
26
-24
-65
50
-55
-63
31
69
-11
20
-11
-89
63
-81
-31
7
77
4
-37
-25
10
-17
14
-82
-76
94
3
51
-95
97
-36
13
-39
60
20
-87
-36
72
14
-61
75
49
-50
-11
-57
-70
-2
-57
95
85
-88
93
82
-14
-39
90
-39
57
-49
7
88
35
69
75
-38
96
-6
80
46
59
-26
-94
24
-94
77
36
7
46
77
-10
2
33
46
2
-53
26
-63
74
-75
-46
1
75
69
46
47
63
-10
5
43
29
52
15
-49
-61
-20
-64
73
-11
-66
-66
55
-92
99
25
31
-48
49
100
-69
-8
-15
22
34
2
-80
-91
-62
-46
-69
71
-48
8
-88
-59
-69
90
-21
-70
-38
93
9
89
-81
99
-95
-74
-69
-18
-20
64
75
25
90
10
99
-39
-71
42
95
8
49
-71
41
-22
-14
-52
-9
-9
50
-88
-91
94
-39
-61
-48
31
13
-5
-20
-60
-44
45
-19
27
-27
-56
58
89
98
35
-10
60
-62
-26
41
48
36
27
-13
-76
56
71
19
-67
5
89
33
-57
-83
27
75
29
56
-99
-12
44
87
3
-55
75
-89
69
-75
-70
-19
-89
-72
63
-35
70
41
-47
-28
-66
-98
43
-62
63
-32
-48
79
27
-68
69
-19
-88
8
-95
-78
87
13
-54
-99
-70
-3
22
-7
-30
26
-1
-99
71
-94
-53
77
-94
-48
-95
-65
-31
-46
-42
-59
73
73
-17
24
96
-48
52
-76
23
-2
16
59
-77
-87
89
-10
-49
-10
-49
9
-20
82
12
-79
70
-89
38
96
-53
59
23
-15
-12
-69
98
34
-60
-23
-26
-27
-75
-70
-98
-14
48
-21
-30
-43
-75
34
70
74
86
-72
33
14
-10
45
-4
56
-92
-10
-67
36
-81
-88
81
-28
-9
-6
85
-47
31
59
85
36
-74
56
89
29
-22
-2
30
-26
-32
-42
82
95
-16
-13
-82
-49
44
-78
87
59
-78
-71
46
-99
71
44
7
-31
-39
-62
-55
54
73
82
70
65
-19
-51
-45
31
8
88
-29
94
39
-22
75
-50
-35
-85
44
71
-39
69
75
-7
-97
99
-4
61
-74
34
40
98
51
21
-95
54
23
39
99
87
-69
-34
-12
-4
-16
-16
-95
-52
-27
-56
-59
24
15
-71
-67
56
93
-58
-74
-71
-71
-26
-69
-81
-84
-28
-48
61
-18
-84
79
-3
-66
91
65
-28
-24
-99
-85
65
37
20
-70
-79
-19
-97
23
88
-39
55
-66
92
-73
36
-17
25
-47
-34
-7
88
-73
-73
-89
-99
37
-58
17
-93
-67
-79
-91
43
-65
-80
-7
98
51
-36
41
-32
30
-92
-13
53
-43
76
10
-81
27
-13
33
22
45
-44
-89
-10
-5
-94
100
-65
-10
93
50
22
63
-95
15
92
15
-24
65
-9
65
37
-19
31
-54
39
28
-15
-46
37
15
-88
66
-54
63
-10
-39
24
9
-29
-54
-93
-93
73
-5
55
24
66
-70
32
4
73
-90
-72
-99
-84
58
100
15
-79
-63
97
81
-41
-84
-14
-82
89
85
81
27
74
51
71
-14
8
-11
-48
-76
-2
72
74
-39
-64
-33
24
-33
-29
-87
61
-57
85
-92
9
21
76
42
58
-46
-25
2
-97
76
16
50
-24
-71
20
-40
12
72
-85
86
64
-78
19
-91
-52
64
-42
-7
-32
-100
-38
4
76
-71
-74
76
76
91
9
64
14
-38
-90
-22
-63
-41
76
-7
18
-57
-67
-79
-31
18
68
-93
19
-93
-76
47
-7
14
-49
26
-81
65
32
-73
-31
81
-20
13
79
-79
-1
-54
57
-47
14
-66
44
-73
51
-74
-52
-10
-88
53
91
-44
96
-23
-3
-49
92
27
-51
-63
33
43
41
-99
56
26
83
70
-47
44
87
60
85
-82
3
24
17
-83
-59
-84
72
44
-74
44
26
-54
-36
36
-64
61
-14
87
69
99
-96
74
81
81
-31
37
33
46
-86
-56
53
-11
-21
57
23
-20
99
100
65
81
59
-49
-26
39
-90
-65
21
48
85
8
23
76
-44
-60
-84
99
-51
-14
-45
43
-11
-86
2
72
88
-41
-45
-88
36
66
54
27
68
78
92
-64
1
-11
18
26
74
-34
35
-29
-92
3
100
16
-53
-71
-68
-84
-37
-95
1
4
-49
-34
49
-17
-9
25
18
100
5
-77
-9
68
99
11
-52
16
-55
-70
18
-93
16
89
70
-48
-47
58
-21
-91
6
-58
-4
-82
-5
-80
26
60
2
-93
10
41
63
75
-34
14
-82
100
-29
65
-96
-95
-23
-73
-55
-59
12
-75
9
-25
-60
-97
-56
60
65
-37
-77
-25
16
81
-4
-73
-7
-81
11
-2
57
60
84
-92
80
14
-48
96
-81
94
30
-74
78
44
90
10
-15
-100
-68
-33
71
-3
-39
26
-78
55
-5
-96
45
25
95
93
63
-71
-7
-31
-30
-8
-19
79
-99
-28
7
11
-73
96
31
74
-88
-76
-21
-83
-8
87
52
61
94
-42
-11
-1
-66
18
46
46
-19
-14
-7
-93
67
87
63
57
-17
-24
-42
-58
66
57
87
40
-52
-70
-57
-70
-41
-55
63
97
-64
3
43
43
91
22
-83
94
-20
45
-44
97
-19
28
-4
-21
-87
58
-38
96
-26
9
28
-60
100
94
97
34
78
-10
48
30
60
65
-66
9
83
54
36
14
-72
56
-71
53
43
48
30
98
-19
-25
-53
48
26
-94
96
33
100
-38
53
65
97
-21
-35
-100
-21
-70
-84
24
-41
-54
60
70
-10
69
-3
59
60
93
-9
85
38
-40
81
-26
-20
-90
20
-42
10
-60
80
35
-80
65
42
-76
29
-28
-93
-93
-40
-45
20
-79
-42
-56
-22
2
-96
-3
60
-57
-23
-32
-97
9
77
-14
-52
-86
-83
-82
-97
14
64
-10
74
-4
-12
-93
37
35
3
18
41
-80
37
-81
-46
46
-34
64
29
-22
-100
27
73
-75
-28
79
95
-94
-77
4
10
-82
-73
-84
-19
86
-50
-35
65
78
-1
73
48
-18
77
-30
56
-42
24
9
18
-60
88
-11
75
29
27
-68
7
-62
-62
-40
53
66
-85
-12
44
-70
59
-79
47
19
-19
30
-73
-20
-82
-58
6
92
-67
-70
75
19
79
69
-35
95
2
-68
66
71
-98
84
41
23
-79
52
53
98
-91
91
87
70
77
-40
43
100
-68
50
13
-55
-58
68
-81
96
-28
28
-38
-56
-43
-35
80
-70
-19
46
-93
-28
65
-63
22
-71
58
-98
-17
-39
-100
71
86
-10
-38
-86
-22
18
-59
-42
-58
17
5
-47
-98
-98
-33
-31
-53
-15
-39
11
89
49
-61
-72
-93
-22
5
63
53
76
95
-15
25
15
71
29
-97
46
-65
-45
-94
-5
-38
5
-26
86
-98
5
-54
8
-35
-8
-50
90
2
42
-38
64
65
-72
14
81
-99
-43
-49
-90
-8
-61
36
-51
-63
-77
-75
15
87
56
-24
67
6
73
-26
-35
6
25
33
46
72
-17
34
57
-59
-80
-6
-35
46
60
87
24
75
64
-63
-63
75
48
-33
21
6
-71
-2
29
66
92
58
22
91
72
88
-47
76
29
9
-58
-44
-96
-1
-30
-30
-37
-14
-12
37
-14
65
-15
45
-60
-63
-61
-93
71
-11
17
78
-12
78
-84
-8
-74
-89
-10
56
59
-97
-95
14
85
-38
33
-75
64
40
94
1
-28
-97
50
-14
-69
68
73
-26
28
-51
30
-70
-100
-87
24
30
-48
71
-63
83
-55
-85
-68
-8
-12
27
99
76
-10
52
14
-84
-86
90
-29
-30
-34
-61
48
35
-88
87
30
-65
-17
-98
65
60
22
43
-51
-32
53
65
21
34
82
-38
18
61
-8
-19
16
46
-5
95
89
26
69
-20
-74
53
24
-100
47
15
-47
12
-89
-78
-100
-24
49
-79
-53
-23
-20
-20
52
-59
81
74
90
-69
99
37
49
62
-51
-52
99
8
93
91
85
35
55
35
-39
-79
-29
-29
-51
50
27
-58
75
57
48
-12
99
24
-69
47
19
-72
-40
50
-44
16
32
15
31
-74
20
35
-56
-57
-84
85
-37
-30
-18
47
-52
-89
76
0
