-3
87
92
50
-77
-4
-94
98
-86
29
-89
-49
56
46
33
-5
29
45
2
3
-9
84
37
-40
-29
-14
-32
73
-88
-4
-100
-87
-41
27
-41
-26
-25
66
57
100
-84
-16
93
-92
-56
66
-22
-89
72
-46
60
39
-14
16
-65
96
11
-26
22
81
89
-75
79
-2
71
91
65
70
88
-53
-66
74
49
-100
48
90
30
18
39
-29
-13
68
-77
18
37
-2
8
32
-90
89
-93
-54
-99
-68
32
-70
16
95
100
45
43
-23
-97
6
-94
65
-44
-17
-85
-9
5
42
-36
3
89
25
97
81
-15
-6
-73
-17
97
15
-25
-53
24
59
27
27
-51
-20
-36
-25
78
5
64
44
-41
-7
-88
-28
-76
45
81
-95
-98
-45
-46
-23
85
65
-27
70
-14
-43
-69
22
15
-24
-73
-39
59
31
-52
-86
-92
23
-99
34
-9
-1
2
-2
10
-88
-44
18
-51
-50
51
-31
84
85
50
-38
-45
48
-9
12
40
46
52
-84
25
54
-61
77
95
90
31
42
-14
-69
37
-32
-6
-52
6
52
-7
85
92
47
-67
-98
-12
1
22
-81
-20
-76
-11
-9
-14
-97
48
-78
1
55
36
-1
60
-30
31
-30
-45
51
-81
41
17
67
73
92
-78
97
82
91
59
69
-96
-80
-24
85
36
-46
44
-29
-66
-61
-89
-70
55
-39
-21
-36
52
62
30
11
-46
51
6
5
-18
80
-65
-44
69
-20
37
69
-76
-4
78
45
-85
-30
-84
-79
-7
15
-93
84
13
-10
-61
27
30
-24
-71
53
1
56
8
53
-46
52
-7
-43
65
-78
-90
49
26
-45
18
37
70
68
-40
72
-85
26
-35
79
100
-13
-95
90
89
94
51
-49
-31
13
-52
-56
42
70
-77
49
-16
21
33
-84
-61
-2
94
-37
-31
-45
87
35
62
-14
69
-32
70
22
77
-24
-66
77
-61
-91
-10
-66
-42
32
-52
33
-57
-84
-72
-32
-23
-73
60
53
73
-45
33
54
50
-75
-57
99
99
87
70
-60
91
27
7
19
-21
58
90
-80
-46
23
13
-85
57
-61
49
66
56
4
93
10
72
-34
5
-35
40
-45
-93
-26
-81
-68
-66
90
-18
-14
-99
69
-18
59
4
74
-53
63
44
-55
-22
-94
-15
-4
9
89
-38
11
-30
-67
-32
1
-13
-17
-24
-92
64
45
-67
54
79
-50
-43
97
-92
-56
-14
-83
-66
15
73
80
-73
73
-13
65
-14
12
-74
12
65
-78
-6
-8
7
50
-66
-95
-87
-15
18
-28
-5
-7
-26
-66
45
27
98
-70
-63
-59
-8
74
86
-2
-74
-66
2
29
21
-55
-83
-33
54
18
100
-38
60
-93
96
87
-100
77
-40
33
-37
-86
-39
86
82
53
-88
-77
70
80
-47
-13
-37
8
91
9
-27
85
-59
89
-83
-40
-31
4
12
-97
45
-25
-86
-55
70
14
-71
-47
-52
-66
-86
33
-14
-1
100
-43
98
65
85
85
74
-63
-60
3
30
49
-81
41
-86
52
-20
-59
-32
57
-72
52
17
34
81
82
88
-57
62
-9
43
22
-45
-43
51
-48
59
-97
-98
80
8
35
21
86
73
-29
-70
-52
8
-45
41
-75
-51
-65
-26
97
100
-21
-72
27
-80
57
-82
-36
-73
-60
66
6
-55
-18
88
80
68
-94
-93
79
-53
-56
-63
-64
78
-89
-14
90
20
-43
26
-1
-6
28
21
46
67
48
67
-16
38
28
2
78
98
-71
81
19
51
-15
79
-35
23
-24
50
-60
-3
-72
80
-57
60
-34
-38
-10
-49
31
80
-89
-19
67
79
-30
66
-67
75
-79
-78
17
-33
4
71
93
88
-100
-74
35
88
-39
-25
-47
-53
-1
28
-17
-96
-75
53
76
78
1
29
-32
63
94
-72
50
-31
-10
96
54
56
-42
45
22
-35
36
-24
-30
87
25
-86
-2
-70
78
23
-67
-66
-9
63
-8
71
-84
-40
94
-96
-36
-36
65
60
28
-56
1
-61
-73
20
86
73
38
-21
77
-7
12
-21
5
-63
-19
83
-4
80
92
89
30
-64
-27
18
-29
30
-100
-48
-81
84
3
40
80
-84
-48
60
-4
-76
-46
37
39
-60
68
2
-60
63
-94
78
96
-46
-88
-25
80
31
-58
2
98
62
43
33
27
97
-60
-84
71
-5
93
59
21
-46
-78
37
59
-48
-3
-18
-21
-11
73
69
16
68
-6
77
-43
14
49
95
-32
-68
35
-33
-4
61
40
68
14
49
-65
17
-90
-22
50
10
-18
11
-14
14
-46
-6
40
36
-24
-38
35
70
93
-82
-45
7
-54
-90
-95
95
-33
-12
-25
-64
-26
-17
-45
88
-89
-29
-69
-31
-32
23
-15
17
-94
-52
-57
77
34
21
2
8
51
-57
93
-83
-14
57
-41
100
-57
65
-28
17
-82
4
60
-58
76
-33
18
50
-70
71
39
-78
-23
-99
59
100
52
42
70
24
31
33
-12
58
84
-76
-57
-89
15
84
-59
-36
-24
72
-62
85
-4
-24
-5
-65
-88
-8
11
-22
86
18
42
-93
-66
96
71
-57
-71
-24
56
15
15
-90
6
-63
54
-23
53
-20
-96
-91
72
23
49
-57
19
65
-81
-4
-47
64
65
7
-8
100
-43
-70
68
56
20
-44
55
-2
-50
22
96
-9
75
-85
-28
29
52
40
-35
67
-88
-71
-20
-12
11
8
87
-93
27
18
-34
47
67
7
96
39
-91
36
-45
13
27
58
-14
92
93
-47
-25
26
-52
63
-100
75
6
84
-3
70
87
41
-89
45
83
77
86
10
74
91
-4
-64
2
-33
3
-66
-22
39
-92
34
-27
88
78
3
-48
-55
-76
82
65
-67
-52
75
23
54
-97
-9
-76
-74
-62
-4
40
-99
98
26
21
-9
17
69
-4
6
95
69
72
-80
56
-14
-79
43
-58
55
68
-73
-22
37
-10
-8
59
-57
-23
51
99
-37
-19
45
-17
-42
-41
7
27
40
67
-64
44
88
53
-78
-88
-70
83
55
22
-84
-27
78
-35
87
-16
-45
75
63
25
47
-33
-30
44
21
85
-88
11
-11
-24
-87
74
53
75
46
-8
-87
-7
-74
-70
-47
42
9
63
-6
-37
-49
-72
70
-13
-87
98
-85
-52
42
74
-7
-9
94
38
-32
25
-75
-78
76
-14
-23
100
-60
55
29
43
98
-35
-98
16
-30
9
20
-87
24
-61
-67
79
46
-43
-70
99
-11
-46
-43
-15
-72
-60
-14
30
-78
-82
-44
67
67
-51
-27
15
83
-1
100
-41
97
-21
-66
-84
-69
-78
59
-61
-34
59
-10
12
51
-18
-32
-62
-67
-16
52
10
97
79
-74
-72
36
87
-8
-20
66
53
9
6
14
-21
-8
51
-2
44
-13
-71
-58
90
-19
71
4
-67
56
2
13
20
-13
-48
77
85
-21
-32
2
16
71
18
-1
-66
8
-28
-91
17
-28
-48
-30
-75
-90
-55
-6
-98
-18
88
-84
98
92
-60
20
-39
-50
-29
65
-69
-35
-9
32
61
-79
79
-58
-75
-20
-71
-38
29
3
84
-74
-96
68
-85
-76
34
2
46
79
81
-18
74
-46
-36
-3
43
87
-53
-93
-3
94
-13
-96
33
38
-62
89
74
53
89
97
-35
-100
-70
61
-52
54
5
7
75
6
69
-69
-74
13
68
2
46
59
-73
30
-12
-75
-25
95
9
58
-23
-72
100
90
-76
9
-86
93
67
-76
-13
-88
81
-79
78
78
2
-78
37
100
-82
-8
-89
18
41
-15
5
10
-50
-19
51
-60
37
-59
30
35
12
-18
-13
-50
-96
-69
43
31
-46
16
73
-51
-49
17
97
85
-73
-87
20
-41
-91
-59
-55
-96
14
-25
-79
81
95
97
-27
50
-95
-54
-43
-54
-94
92
83
76
-29
97
56
59
78
-74
-7
-45
-41
32
-28
-76
7
97
14
-48
-7
26
51
-79
24
21
98
-79
-83
-25
97
-53
-98
54
82
50
-69
-46
-46
1
29
-6
-33
-66
16
-52
19
70
63
-70
56
55
28
86
72
11
-96
-76
73
65
-58
63
-77
-77
-85
69
-6
64
40
-47
67
-24
-92
86
97
50
-53
-6
-44
60
-41
-11
-31
61
67
-20
-44
-33
-92
-98
43
59
24
-83
12
82
27
95
95
-25
-18
35
32
5
24
69
76
-42
-50
-44
-3
-53
-56
-96
-66
-85
15
-62
43
67
-42
-17
82
86
-89
32
9
44
55
14
-24
86
21
71
-86
60
-98
96
-38
53
16
39
-93
98
-41
-15
45
68
8
-7
48
45
-34
-38
93
78
-13
73
-24
38
-61
48
62
-15
-29
17
-73
35
92
28
73
-5
27
-53
58
-82
-86
-19
62
91
70
-47
81
-71
22
42
-77
56
20
76
79
88
62
75
-7
-82
37
4
-58
11
56
-63
87
86
-86
-73
50
-76
-61
-31
26
-17
76
41
76
-85
57
-82
-56
40
-68
-24
-61
-84
-82
76
-63
-57
53
-97
-20
54
54
-69
23
98
-21
-86
56
-41
-37
-46
-30
-18
56
-81
-86
74
-89
95
-85
25
79
53
-66
36
100
-53
-67
75
-76
-33
-49
-92
8
51
34
79
-6
-18
76
-26
72
72
36
-96
-37
60
-43
-89
12
12
-43
71
10
-90
-3
-39
-98
-50
-44
-83
80
21
-66
7
3
37
-70
-14
65
45
81
-33
-65
29
67
-22
73
31
-32
-7
72
-65
-64
85
-50
85
-77
17
-72
25
-1
-30
49
-74
33
-54
-34
-14
73
23
-41
1
9
30
-49
-60
-62
22
-9
-23
-55
50
-71
-5
87
41
80
-66
35
-27
-52
-16
-66
-60
3
50
64
94
82
94
57
3
30
79
-70
-84
-63
27
16
46
-19
-91
83
-76
-27
-67
62
2
-31
79
-82
-28
11
99
-63
-97
-35
87
38
1
-88
-81
42
47
27
-12
52
-94
75
9
25
-55
-89
-35
40
95
38
-28
31
78
-23
-99
-77
75
-4
-15
-19
47
-88
76
-82
51
43
-65
-40
-13
-13
98
32
50
17
72
20
96
-36
-5
76
46
73
95
2
-39
-39
94
71
-62
64
-59
-12
51
54
54
48
15
19
-60
38
88
27
-49
-71
-51
74
-77
-55
-62
69
33
-71
-32
-17
12
-66
97
-75
-13
-46
53
-96
38
-67
-92
-36
18
-40
-46
32
16
-87
63
-49
17
92
72
-57
93
30
96
73
95
-47
-94
92
3
-27
-100
76
2
-69
-71
61
98
-89
84
-84
95
11
85
6
49
83
-31
-35
-89
92
-92
-93
-7
69
-34
19
-24
47
-39
40
70
98
22
-36
-30
-37
-93
-98
47
48
8
-69
58
-78
-83
81
-25
-3
-64
-53
28
50
60
-50
31
-29
18
26
76
39
91
14
-22
86
92
99
50
16
-13
48
-15
-94
38
-4
-54
-20
-15
30
25
76
10
18
53
-75
-27
88
-6
38
72
89
39
-72
-40
84
53
-33
46
-67
75
88
-15
-22
-60
67
-20
42
80
6
62
20
27
64
85
7
15
38
53
-61
22
-8
-39
40
-53
56
44
24
-89
47
-40
96
73
-21
57
-58
69
-15
71
17
-19
-18
33
8
-59
-15
6
58
59
46
58
60
-38
30
-38
15
77
-92
-20
-71
-81
99
47
-79
54
65
-57
-54
43
-66
37
-87
28
20
-10
-68
74
-79
66
53
13
37
68
-22
3
78
93
80
45
-44
-49
-45
-2
38
99
-38
-64
-49
42
-13
87
28
64
82
19
-57
23
-54
97
-55
-96
58
35
-89
38
-89
-66
52
-13
-50
84
-19
49
-94
73
96
-22
20
58
65
32
4
19
6
1
26
-12
-4
96
52
3
-62
-46
-97
-7
82
73
69
-36
-24
-25
20
-80
10
81
-24
-22
8
-84
-46
-68
-70
93
93
-62
89
72
79
55
-29
-61
77
16
46
-4
-19
-70
-27
-1
92
-29
-8
37
20
1
-91
28
-11
86
-5
-3
-77
54
-92
-45
-23
55
-99
59
-21
98
51
-14
-52
77
-85
-65
-65
-71
26
38
-54
-60
-76
39
-38
-18
84
-14
-49
-1
-62
-16
-53
20
-42
-90
40
38
66
-14
-35
-17
-25
-70
-96
51
-70
-77
-45
-34
59
9
-20
48
-75
33
32
15
51
-41
4
-15
-74
85
45
-7
-44
25
60
36
37
-37
-84
88
20
-26
29
19
-34
21
19
-38
67
-62
67
-60
54
-3
-81
-48
-40
-37
-63
-60
-63
33
-69
65
81
77
-3
84
84
-51
23
35
-98
98
56
3
-14
-91
29
28
-87
82
85
-72
-93
-71
51
-54
100
88
85
-66
4
31
67
54
-36
-82
-77
-36
60
-57
52
-49
-3
44
-39
-83
-20
-12
41
-26
-33
-37
100
-51
36
-24
-14
41
80
33
-11
10
6
82
-33
-19
15
76
-6
-24
29
-18
-73
-77
-46
-51
-17
-50
56
-54
18
17
86
62
-53
-17
39
32
-96
80
27
-19
-6
-60
20
-78
-9
11
7
64
14
-94
-57
-33
52
-86
-75
-25
52
40
86
81
63
82
61
43
-13
-30
17
-93
71
-62
4
-49
-33
-48
97
63
57
-10
-16
51
39
-3
32
49
-1
-10
-57
-41
-67
-77
89
-34
-31
-46
18
39
30
72
8
50
-5
3
-15
-57
-99
-54
-56
89
-35
-77
-41
38
46
-8
58
30
-39
-63
26
8
-56
-25
-84
84
-9
-6
-30
86
-72
49
15
-19
-37
-77
-36
30
-25
50
75
-17
7
-94
-32
12
80
-8
-41
-9
-30
-28
36
-23
18
-45
90
44
36
33
49
65
-81
-6
71
45
8
44
67
-65
27
-48
-24
-14
23
-36
-58
56
7
89
-44
63
-34
-56
36
-64
38
-92
40
57
88
-73
-86
-32
84
-11
-44
23
-50
-2
-93
33
37
81
38
80
-82
-74
40
-30
43
3
-46
-97
90
-27
-7
21
88
-24
15
-12
-55
13
-33
17
-87
-71
-37
88
-52
-65
-29
8
71
52
55
17
72
-72
30
86
-2
-56
-67
72
65
65
2
-77
66
5
55
-13
13
82
-81
85
-87
2
69
-12
-67
30
51
-43
14
-71
26
81
-83
38
-88
28
-95
97
79
-53
75
-58
35
100
-45
-12
-99
5
-51
96
-36
38
-89
55
26
14
91
-77
99
86
-41
99
-45
-32
-69
-21
82
72
23
-62
58
-49
-17
-22
10
-23
95
48
-67
-91
18
-79
81
-9
93
-17
11
12
-19
-23
72
-33
-50
-13
67
-59
84
13
21
-16
83
-75
81
11
-7
-58
89
-91
-35
-19
-23
81
30
5
28
66
-69
42
30
18
60
50
26
18
85
-43
-40
33
87
47
-28
86
58
-53
-82
-53
-5
81
41
54
-99
-3
-69
37
-65
12
-23
72
-45
51
99
-75
-45
-85
35
24
100
69
86
-26
74
88
61
28
90
-43
70
-14
-22
-2
-91
94
-18
-26
12
86
-52
34
14
-15
-6
96
-10
1
92
-25
-70
-18
2
96
99
-59
90
-24
63
-86
-11
-38
-48
-32
53
82
29
52
5
-47
-17
-19
91
56
13
-17
35
78
-56
-93
-32
77
15
-23
-61
-92
-86
25
-47
-49
66
-17
-55
-14
-62
-22
100
-58
-22
-45
97
7
6
11
28
76
-65
-4
76
-78
-85
94
-30
-87
64
-75
26
-31
12
93
-8
69
9
-30
36
61
95
-49
52
89
-89
-55
79
24
-58
-63
7
-55
-15
13
91
99
-70
23
11
71
32
-15
59
-21
-56
-96
-55
-32
78
35
-53
-3
33
-66
55
-40
-31
-49
-64
-61
77
76
-37
29
-55
15
100
-57
-23
-75
92
23
-94
85
-70
-74
-21
-88
86
93
-19
94
66
30
-100
27
90
-24
-50
58
93
-80
-3
55
-58
-24
-11
-72
99
47
31
-13
91
37
71
5
-85
84
16
-55
-39
-72
-88
-82
-25
23
-10
-92
52
45
51
57
-24
-14
-45
-11
-54
-7
-90
80
100
-7
-97
49
38
-24
53
78
1
81
-32
22
-1
-48
-76
52
-33
-55
-87
-76
37
40
76
-70
17
-51
-3
-92
32
-96
-13
-72
47
95
-24
76
-49
41
-81
-10
-43
-77
22
73
-77
24
80
-89
52
-94
-93
-14
11
85
-19
-30
-88
-10
17
-26
-34
37
-99
1
-62
53
21
60
-32
-4
-76
15
91
25
39
-15
65
51
-38
67
94
-62
6
25
-91
77
-67
27
-60
66
72
22
-52
46
-62
-20
19
97
22
-78
64
93
11
-24
-48
76
-70
23
-28
-50
-52
-4
9
-48
20
-69
-95
62
-14
-13
-60
-87
-49
35
75
-29
-87
48
-21
-69
4
-18
-33
78
-92
-62
75
29
2
-41
-7
-37
5
85
30
-1
-25
-1
28
5
-57
42
98
-91
-51
90
54
-10
-78
-56
-31
30
-26
-56
-7
94
-30
-6
-3
20
-19
-27
64
87
-66
59
-32
-55
-63
-57
42
16
51
-28
75
78
43
-29
81
-61
-73
94
-81
49
7
96
81
-15
43
-10
54
-97
-89
83
22
-76
-75
79
-33
-67
-44
-39
-64
63
56
11
72
-47
99
38
99
39
-97
-15
8
-38
-40
18
45
-70
-6
20
-18
-8
-87
-52
-42
8
-87
-9
-5
11
90
-50
-92
12
2
89
18
35
-24
-68
87
20
92
61
46
-75
-77
-61
-7
-17
-33
-6
-90
-19
87
30
87
-69
-77
24
7
100
-68
99
62
54
20
-27
71
-51
38
93
-31
-75
-13
-37
67
30
85
-7
91
-37
5
-34
56
24
65
-6
91
12
35
51
3
61
96
49
-94
1
-68
-54
95
25
85
-72
-62
95
80
17
-53
-72
-76
80
-94
-61
-88
99
21
-75
-23
9
78
-88
7
-76
-3
3
36
-28
-81
-90
-78
6
-5
-21
5
-35
24
4
-96
17
-41
26
-58
-90
23
-45
19
-84
-94
23
-33
70
-67
-42
46
-24
67
14
36
18
57
-12
90
83
-87
4
-75
11
-17
92
19
-92
-20
-82
38
-41
-6
-99
-97
67
-8
-34
40
98
-21
56
59
-64
99
-76
5
-24
49
-1
79
70
-68
22
-37
-74
30
14
-98
-91
47
74
-60
62
5
17
9
-59
-82
-6
-84
-50
63
45
17
-65
-47
49
-94
12
-90
48
51
-77
73
-48
13
-25
39
-45
14
-65
100
94
-71
60
-45
100
87
-9
19
-93
42
-25
31
96
-86
19
-32
77
-100
83
42
33
29
-99
30
-35
88
78
-87
86
91
3
-52
-38
-8
64
55
21
-29
-70
64
84
8
-26
85
-37
29
32
-3
-93
-32
-100
91
-27
-96
-62
67
-64
-35
31
95
-88
100
-6
-53
-51
-84
-6
40
57
18
-40
-75
18
58
-82
-72
80
-29
-40
-73
30
77
80
70
-35
54
-81
-9
-59
6
71
81
-70
-21
-84
32
98
-90
78
80
-3
69
-31
2
11
66
-89
80
17
34
-20
-49
-94
96
-89
88
47
-3
-35
-10
65
54
74
26
13
-53
-12
-17
-71
-84
-90
68
-92
39
47
57
-75
-87
-20
-93
62
-99
-71
65
-16
53
32
-96
-91
99
-87
73
-75
-79
-36
66
96
65
-71
92
-82
18
-91
-15
-37
9
84
21
54
50
-99
45
-66
-22
37
-55
46
19
31
14
-8
-48
-97
27
-84
-10
23
-3
-36
-28
-89
-9
-99
55
-31
6
-49
56
31
21
-6
-2
95
-90
-29
11
50
15
-2
34
-28
50
44
-24
-79
-10
18
69
-95
-57
-76
80
55
-63
16
15
-97
67
-54
-52
46
-56
-12
-81
-8
94
87
50
16
58
81
-94
-57
-29
62
46
-99
-13
17
-3
-75
-34
64
-93
63
-79
56
70
-36
-71
-37
90
-89
-24
5
-93
-67
-58
-10
-14
10
-34
16
-45
-88
38
-30
-85
-15
-28
5
98
61
-87
-38
-12
82
-88
-30
-5
25
99
-65
80
50
2
-50
58
-15
-42
34
82
94
-34
86
72
66
-24
91
15
-13
41
-61
-19
52
54
45
-27
37
82
-28
6
16
-72
90
-29
-63
-70
60
-59
45
-48
56
4
-65
84
-54
48
-82
65
-36
35
-33
52
45
70
56
45
-24
13
-48
94
98
78
34
65
-38
6
40
-2
-3
-94
98
35
86
-43
82
40
23
91
5
-94
28
83
-24
71
12
-76
61
-77
33
-99
-77
51
94
-30
33
44
-70
-58
-2
38
-74
37
-17
34
-40
-55
-70
-43
60
-32
15
-86
94
56
71
92
-60
46
75
-70
-21
-31
-25
36
36
32
5
-72
96
16
87
42
46
54
94
3
-69
-73
-60
-8
46
-16
3
-11
-34
-71
67
-86
-75
83
-96
100
-41
-69
-91
56
-56
14
81
-21
-34
-90
-62
-67
-44
56
13
60
-13
-36
20
-15
100
14
68
-24
52
-86
2
-48
42
86
-17
78
-71
-27
65
76
35
26
81
-77
-12
67
6
93
39
35
-57
90
51
-33
-18
-50
-69
-22
-98
23
-37
64
77
23
-95
33
-88
-77
69
7
84
58
-24
33
-66
90
77
-29
-90
1
74
-81
-14
41
56
-34
-80
-3
-61
52
56
-89
52
-15
69
-62
78
81
-91
10
-48
78
55
60
64
-24
75
-63
-12
-31
-17
-93
12
15
-91
-3
48
67
-13
-100
8
-83
-69
-92
-51
9
-26
-72
-63
-8
10
-82
8
-6
83
48
-2
-4
-75
-2
-62
-34
-100
-73
-92
-90
-73
-53
45
-76
38
-60
34
22
-100
5
95
-8
12
55
69
-36
-83
53
-53
94
-61
-2
91
49
77
7
9
24
-5
-41
-39
-35
-54
-89
15
-30
70
-76
20
86
39
75
69
86
-49
-33
-25
-49
-66
-87
68
-62
69
56
67
4
75
40
-21
-23
86
69
-71
-24
26
33
-72
-84
42
-28
38
78
-93
-7
46
-21
-43
-6
-41
-78
64
84
-63
-57
-14
-24
-76
33
-39
40
41
-53
42
-41
85
47
-1
19
-4
-89
25
-82
-65
-77
11
78
-3
-11
-23
-57
46
82
-11
5
-46
9
72
91
51
33
-71
-19
-28
65
19
90
46
-56
-26
-27
-57
-13
-47
-78
-9
14
2
43
85
-53
-82
-55
-76
-41
-83
47
26
66
43
50
-98
-25
-66
-98
-34
20
25
-14
72
-76
29
88
84
-83
57
-84
26
48
20
-4
-65
86
-84
21
38
-64
74
-23
-56
-74
27
-96
-9
-94
-31
26
-6
65
48
-26
-67
-80
-48
-82
-36
-35
37
81
-41
65
-82
-22
-93
76
22
96
-12
-56
-89
-56
11
-13
96
83
-61
54
-25
31
-10
83
97
-95
-38
99
32
17
-54
41
-34
5
-27
21
87
33
55
1
-82
84
-87
-30
-15
-10
5
24
-57
78
96
36
-32
31
-75
-4
-40
-97
61
74
-36
-61
-17
-18
22
79
62
100
40
38
85
58
-30
73
37
-36
76
71
93
54
-42
34
81
-73
-82
19
93
-99
84
78
-17
-17
-37
-67
19
-72
96
98
85
17
2
32
-22
-8
-49
89
-95
-59
-55
28
-69
99
38
98
58
34
-8
99
-80
19
38
55
-92
-16
-99
-57
20
-14
12
89
25
53
82
34
-33
-35
30
45
75
-55
77
-25
-77
80
-1
-57
23
-9
58
91
-27
-90
-19
4
87
-7
-43
55
19
-9
4
51
-89
-84
-7
90
43
-100
91
-15
-88
-57
30
29
42
-72
-96
-65
83
-100
61
-21
-6
47
-89
-3
20
-57
65
-43
-58
21
71
85
-43
52
68
81
35
-47
36
33
79
84
94
-100
-31
-16
97
-4
77
-87
-68
-86
21
-58
63
-66
-58
94
60
85
-60
-12
26
33
-96
-53
-27
29
81
-47
60
-63
-72
-91
-87
-30
-60
84
-21
-63
22
70
-75
-7
-69
-9
57
-99
60
2
78
-78
-35
-98
-14
22
-39
-45
-37
68
-39
-24
42
-76
34
41
-24
92
56
-17
-34
-56
-44
56
-13
89
67
-48
52
-18
48
19
49
-76
30
-21
80
68
-22
-22
-39
-26
-4
30
-23
-99
95
-68
60
-67
82
16
5
-71
65
32
-61
-84
-85
-51
13
53
28
65
63
25
-84
-62
9
-50
-35
38
17
32
-92
-38
43
57
97
40
89
-31
-33
-96
97
66
-4
51
96
16
61
47
76
36
-67
22
-91
-65
43
12
-97
-97
-79
-97
-96
-73
56
43
16
-27
-22
9
27
-71
-99
31
88
-54
-91
-21
75
-38
87
-49
-72
77
16
-29
-78
-16
-14
-33
-79
-82
-33
-22
-24
22
-47
-77
20
88
34
-90
39
-26
-64
-28
-74
-88
-20
81
82
-52
70
65
63
60
78
-53
85
-23
-12
24
41
-15
81
-38
-57
-90
35
-92
10
-6
-62
-37
72
41
39
47
-31
48
-91
78
50
-99
92
76
47
23
-87
-70
-34
-5
-36
-3
24
-29
19
-7
66
-91
-31
45
47
-13
-61
-49
-93
-54
-51
-80
72
-16
-83
-34
-31
80
96
-93
57
-12
25
47
35
65
3
-77
97
95
-80
-16
-53
-1
-95
88
3
-45
-78
-83
81
77
-60
-10
-38
-75
-16
-56
-61
25
-65
16
43
6
-43
69
-68
-47
2
37
-51
-64
56
-53
16
-24
28
-75
51
-60
62
66
-7
4
-28
-7
68
28
-62
12
76
26
47
73
50
-43
-75
-99
76
44
61
-87
-94
-92
-76
41
80
35
-88
32
43
61
-25
-62
93
-67
58
-60
-28
-60
11
-62
89
29
9
-69
41
-18
-15
74
-80
97
80
32
35
1
-83
59
89
-52
48
78
3
38
83
-87
-50
36
31
8
-90
-25
80
-99
-30
-13
99
19
-69
65
-27
-12
98
83
14
-16
-98
12
23
63
-12
-73
51
51
-12
57
35
62
6
80
53
56
34
-19
-63
62
-67
93
44
-36
-49
-42
16
-33
-36
9
64
-32
-22
-22
-46
89
-40
-98
-49
76
63
-96
-79
9
55
54
39
-92
45
-72
-73
20
-84
5
-88
-16
69
-50
4
-48
-22
97
-67
-37
3
68
39
-7
-4
68
-10
5
43
42
-68
3
-15
-22
15
25
70
-76
26
-15
-4
-17
40
-88
78
-80
54
-11
57
61
13
-15
-13
-47
19
61
-75
-14
17
-38
35
-95
-66
-81
-74
73
-40
56
14
29
-51
42
-55
69
64
-69
33
-53
-42
47
64
72
35
89
-74
-36
56
-47
25
-8
-56
52
-46
11
28
4
59
-78
15
33
23
34
-99
22
45
-7
-17
-95
58
-45
83
57
70
-60
90
27
58
-32
-10
95
47
-65
-94
50
-74
33
-55
-70
-59
-2
16
30
96
62
-35
-6
-18
-86
28
-80
-32
-97
55
-1
8
5
85
71
61
70
-22
-18
-81
58
-17
-53
-38
-42
93
-70
17
-7
96
32
20
-14
-94
-17
-94
19
91
64
-38
-20
27
51
42
48
-16
71
95
-96
-27
-72
-36
43
26
-62
-87
-18
42
-90
-48
43
52
80
-82
-92
-89
-17
97
-60
20
82
-4
-61
-99
-78
47
54
45
74
38
-15
94
61
24
-82
-20
-55
-70
21
8
-10
-31
-88
-98
66
-96
71
29
7
90
7
-1
-55
-35
74
-90
73
-70
65
-87
-30
43
-89
-38
47
19
88
-100
-21
76
-13
31
-62
-85
-13
100
52
-22
13
14
33
85
27
-75
-87
20
-83
7
13
28
-35
-78
-54
-15
25
49
34
-4
65
99
93
25
58
91
-86
97
63
83
-20
-67
76
-46
23
-87
-76
95
53
-50
-36
53
61
-89
30
12
91
38
-1
-8
91
96
63
37
-80
65
-38
40
-51
-23
-41
57
-40
79
73
32
47
-84
-1
-91
-31
28
15
71
-86
-61
-55
-22
-13
-37
-3
45
4
19
-76
-62
21
-78
-13
6
45
22
2
87
66
-41
74
57
38
-39
-64
-40
-64
-31
-54
91
-29
-33
-89
-55
17
24
-1
-21
-35
94
-36
-97
-44
-73
78
-30
-7
77
3
2
-2
96
38
11
80
-84
21
95
-93
-25
-12
86
-42
7
91
-16
48
22
-85
48
41
-37
-52
83
-100
29
-94
76
-11
-67
-49
36
5
-14
-34
76
66
33
64
12
6
-76
-99
-68
-63
13
100
89
73
-27
47
79
-45
-63
-60
16
-16
-80
-59
-68
-51
-85
-31
74
-26
86
11
85
41
-83
-2
100
-89
-6
63
69
-61
-83
3
-17
-50
-53
-40
17
37
12
78
90
99
53
-70
1
-90
10
96
45
24
-60
-22
15
61
-74
-59
16
-58
95
-94
98
-15
81
-55
11
-67
68
58
-3
100
-95
84
59
-9
-3
-83
-24
40
-2
-31
-69
-71
88
-84
47
65
-66
-82
49
46
-4
96
80
-74
-97
-14
-50
-56
41
-80
73
-70
-74
30
42
8
33
-29
-42
95
45
-14
-46
58
-33
49
-96
-73
-37
16
88
-22
-4
13
-56
26
42
76
21
89
-93
-42
-2
88
-35
-31
-3
-20
-93
49
-56
46
-19
-82
81
-36
-45
39
18
-93
-13
-95
57
-44
90
67
80
57
-20
36
93
57
-98
39
80
-47
-96
64
-41
72
81
-13
-41
47
10
-22
-48
36
-9
-73
10
-83
-18
-86
16
36
-12
14
-64
16
-94
-35
-93
49
-51
-8
-94
-25
-30
-45
-57
41
32
94
-66
38
-57
70
94
24
82
-73
71
-60
93
12
-100
-20
56
-33
20
-85
26
-87
-45
53
-30
92
-11
-57
76
-82
41
-62
-17
-10
-92
-1
50
18
-11
70
-87
10
-30
-12
-13
83
69
-51
55
-61
51
92
-7
90
86
59
-66
-65
22
16
-97
26
43
31
59
-2
-11
-20
45
-62
23
73
88
-73
65
-40
20
-23
95
90
-85
85
-17
-53
37
42
15
83
-18
87
-35
-40
100
48
-46
2
94
28
24
-80
33
-80
14
81
75
-30
33
-16
27
32
79
-88
-15
58
17
-92
37
10
61
61
57
29
99
6
87
-28
-24
94
-67
-3
43
27
-13
39
-31
-90
46
-66
93
75
-72
-79
-2
-89
-69
12
93
39
-13
-53
20
86
-39
50
83
72
65
-89
91
55
-83
53
-94
-65
-85
31
24
-22
85
87
-74
24
16
-39
33
-20
24
73
87
91
82
-39
-21
-64
75
33
-35
-2
-80
-4
-38
-20
-15
7
85
23
-91
16
-66
65
22
-45
100
46
-80
-80
-75
22
28
-20
99
-53
-62
80
79
93
-49
7
-88
-78
64
82
-96
93
75
22
82
59
17
69
-57
-25
32
-79
20
47
71
-37
48
2
32
-47
5
-18
72
-83
18
-97
78
-19
7
100
94
57
-41
-22
-71
-89
85
74
75
-44
-66
96
-52
28
2
-92
55
-100
-48
-27
74
82
55
44
32
-68
-99
-18
94
-30
3
25
10
91
-15
86
22
67
-76
-16
33
99
-73
-97
41
93
5
-79
-22
-27
-79
-2
34
-48
-99
75
-93
-81
86
86
-63
82
46
-17
-70
-13
69
95
7
91
73
-30
32
71
-58
-39
-41
-20
-31
-42
-38
-63
-57
-99
-27
-47
7
-42
24
50
67
61
76
32
-40
88
51
70
91
-14
73
7
-47
-66
62
-72
-80
-48
44
-21
-90
-6
-13
-54
56
50
7
55
-54
-86
-47
27
14
24
-5
93
-25
-9
-14
-34
33
80
19
-32
-69
34
44
-80
42
-83
-72
-80
75
57
-26
-74
45
72
46
24
-86
-25
-80
-59
-96
-55
7
86
51
-65
-6
-30
39
-38
66
-4
-40
-29
-2
100
83
94
-74
-62
20
-40
61
15
-71
-74
75
-95
71
-26
61
64
-20
-40
31
36
-67
-25
94
-60
26
14
-63
79
54
14
-69
-14
70
-85
-10
-64
68
12
38
-4
-3
-45
-67
52
80
9
17
-10
21
89
75
9
47
-4
-60
-28
36
-26
1
-100
-82
70
94
-17
95
-36
-4
79
-84
62
97
59
-100
-31
39
-17
74
-83
6
-80
-87
-37
-61
33
12
-8
-26
9
-62
32
73
-99
-31
-27
10
-25
-33
83
-67
73
31
-54
25
65
57
-90
-30
-67
26
7
32
-62
-88
-40
60
-61
-79
27
56
-77
94
-24
-32
65
-38
-32
94
-85
35
36
-100
-56
17
26
15
-5
-70
-81
56
79
-47
90
34
-41
22
85
95
49
80
-77
58
-77
-36
-28
-36
-31
-39
-90
40
-74
45
-60
39
-63
76
93
-26
7
-4
-76
20
-16
-76
24
-6
17
-6
-83
81
-21
-19
33
-18
-59
-85
6
-7
-84
-45
-66
-73
83
83
85
-64
-25
-83
-59
-55
64
87
60
-87
-19
-72
-8
71
52
98
-5
-40
17
68
71
-57
-23
-56
20
-34
-93
54
25
-70
-29
22
-76
-27
-84
100
-34
-70
-70
-39
-58
-58
-28
-56
-28
-63
-67
-47
29
29
-41
18
63
100
53
-34
-10
-100
99
79
65
76
-45
69
15
-33
-64
52
99
-80
-1
98
86
-41
40
46
30
13
11
65
-65
87
-99
66
1
69
-36
-47
-21
64
-41
-14
-81
65
-64
-42
62
2
-79
-42
-13
-67
-87
44
5
-68
-75
85
34
59
-100
97
40
62
42
84
80
-3
-76
56
-47
-95
-40
-73
-72
5
19
-20
-24
-62
-93
-61
20
-13
-96
26
52
77
-7
78
56
-55
-27
-13
-61
45
-20
-98
-51
46
-95
-35
70
91
-76
-92
-6
-67
-14
-38
85
-46
87
23
99
-39
12
-38
-73
34
44
68
42
-61
77
11
23
95
10
-57
81
-15
-5
61
-98
-1
4
-13
40
-11
60
-63
-60
-34
-88
-86
-5
73
76
-49
-52
87
76
-95
-12
-96
-65
41
99
43
-21
-4
79
-74
-82
43
-28
-10
92
70
-87
1
-66
-22
-38
41
-21
90
-59
95
61
-15
-93
-19
-96
67
-71
16
85
74
34
-54
57
-1
-93
64
-16
61
17
82
-84
-71
69
20
66
66
80
2
3
-13
28
9
-57
87
-69
-38
-35
-62
68
36
94
16
17
-22
56
36
48
-59
57
100
-19
97
-65
-90
-32
87
24
-66
29
-26
82
92
-9
23
40
-3
-7
1
-90
-56
94
-64
60
-20
-1
-7
100
-56
85
-56
73
-52
56
-9
69
-8
-32
-35
33
-76
-17
42
-49
-32
36
17
-36
-97
39
37
53
79
42
12
-68
-2
-79
23
88
-33
-38
97
-58
94
-48
-92
48
2
69
-45
84
61
-36
41
57
74
61
66
-68
-37
-25
-34
-11
-30
-81
-7
-13
-80
31
15
45
-75
-48
-100
30
70
8
-30
-54
-73
-13
-44
70
71
-80
-33
-50
-22
-67
-43
-29
7
-9
-62
-45
-12
57
87
-83
48
66
84
-6
95
60
74
-77
-6
-7
-68
97
84
-22
66
-85
-92
-30
-51
38
67
-75
56
62
-53
-34
-17
43
-63
-3
2
-18
-37
26
-14
-5
2
5
8
-80
80
51
-95
92
-39
66
72
85
-9
-57
-58
32
-80
13
-76
41
-91
-65
46
75
53
2
54
69
-42
-66
-98
4
56
61
-7
39
-10
77
29
56
28
-75
-20
72
-42
29
35
-58
14
5
-62
-75
2
80
76
-35
-95
-35
-23
-65
56
1
-78
-75
96
97
-29
21
31
89
31
-36
6
7
6
25
-57
99
-6
79
-50
-90
56
91
25
-31
-82
-6
46
-26
-49
2
-8
-9
43
-2
-96
81
-12
-20
19
-99
68
94
27
79
-81
50
-60
72
-90
21
58
34
-1
-45
-52
6
-8
35
-92
-39
100
3
41
36
-73
100
-98
-9
88
24
14
-45
-89
24
-46
60
65
8
-68
2
-90
76
-57
-50
96
90
-48
-19
-57
56
-7
6
-36
-8
-54
-34
42
75
69
-42
-99
-39
46
62
93
10
-91
-1
36
-68
84
54
-10
-20
-2
-51
-4
27
-20
-29
-89
-4
-20
-44
78
-20
-15
-5
-13
-35
-73
13
-38
48
-37
98
-55
46
99
-9
75
42
70
80
-63
-1
24
-11
-18
-29
-15
-46
-58
24
23
61
63
28
-22
21
83
-82
-52
-76
-67
-96
46
-1
-66
-33
-94
21
-48
-86
91
-14
10
-60
40
-73
-65
60
80
-71
72
-25
60
-7
64
-55
29
85
-75
96
-77
-89
-71
-25
-31
-26
-62
-2
-68
-10
-55
-75
-36
24
58
-98
-56
91
-72
19
-18
-88
57
44
47
-75
-39
63
31
58
32
-1
81
60
-48
-25
-59
60
-50
21
78
-8
94
2
-55
-62
-7
75
-2
55
-51
-24
78
-54
53
98
-77
77
48
-31
53
85
50
-8
98
55
-15
45
-17
-65
78
-90
55
81
61
-28
-14
56
-12
-6
47
-29
-93
83
6
85
-42
60
53
-27
-22
-91
-79
65
-85
-49
-66
-58
-30
50
-26
24
28
-9
88
87
92
-49
15
49
91
1
50
68
40
54
-59
-1
64
86
40
-13
40
-89
27
-70
89
81
-57
16
-20
-57
-96
-90
74
29
-64
61
43
68
15
29
-79
-5
-12
-5
-78
78
2
-88
-25
-27
-15
30
-91
-32
-33
95
-23
98
13
-4
-37
67
53
34
-39
72
-18
-12
21
37
8
45
34
45
-75
92
44
-5
21
-6
83
35
-88
-75
-13
99
65
16
12
11
-35
10
-30
-95
-66
95
5
-67
-28
11
80
-15
57
-84
16
15
-14
67
-2
71
-32
-48
-86
44
84
-4
-84
-24
51
-95
-24
-56
-38
-5
-60
6
85
25
-67
-52
12
-73
-28
-51
-19
-7
-88
85
75
81
-28
-14
-4
-54
-36
-6
97
-53
31
97
-33
8
71
79
19
81
96
-39
72
-59
-22
-11
-72
11
6
16
47
-27
99
-41
-6
56
33
43
45
-10
93
4
-22
-11
-13
-33
-34
-3
-39
9
18
-1
55
-55
21
-46
-3
-66
-60
-9
-37
68
-84
11
31
-20
46
-69
-84
-1
-63
99
62
-81
75
10
21
-84
-52
38
-78
-96
62
24
72
-90
-40
77
61
100
16
32
-35
-52
-89
7
83
49
70
81
88
-20
-5
57
-77
4
58
58
-29
70
-56
53
-93
-51
-75
25
-16
35
58
-52
-65
-7
32
-16
-73
25
-34
88
-36
98
-48
-24
-89
-87
-44
-95
-57
50
26
55
43
-7
-7
98
-86
45
-31
16
-20
58
-15
-54
34
85
-54
90
17
-74
-40
93
79
-77
-26
-31
-13
-30
43
24
-12
46
-32
-71
85
16
9
-94
37
-39
59
65
-48
80
65
64
-8
-77
-23
-39
47
-28
46
-78
-9
92
-8
85
-47
-71
1
71
-16
-81
81
5
33
44
-76
51
9
-35
-78
88
-75
36
-42
75
2
44
-2
-64
30
26
80
-21
-85
13
77
62
56
-45
-14
74
-46
-85
25
-70
90
91
61
-61
-37
56
19
78
-69
-23
-42
-52
-69
79
91
-28
88
90
-45
5
-74
-5
96
2
-67
15
-37
-64
-91
-83
-26
-81
-81
99
72
28
-100
-73
83
65
55
96
74
53
11
-40
65
-55
99
-16
83
26
57
87
-30
-16
70
-56
90
-78
-49
-83
-19
-27
-88
71
-17
-6
15
88
-2
3
8
-100
-57
-94
-33
24
13
47
-97
31
-26
36
-42
52
-21
43
-65
-23
82
-81
-71
61
58
64
91
30
68
-36
-17
-99
-96
83
-16
68
-31
-43
-37
53
-5
72
65
2
-59
-46
99
9
75
-95
-86
-94
-65
25
55
-3
30
-71
-88
-43
-56
-57
53
-71
54
33
-47
-51
14
97
68
49
59
-76
58
38
-35
-54
85
-79
-72
37
65
54
-10
-79
-11
-72
49
-10
-9
-32
-38
-97
66
-18
-14
-58
-33
-17
77
-29
-14
-61
80
-53
-52
-39
30
-62
73
-68
-40
-56
-86
-14
-76
25
-76
-12
-57
-58
-68
-15
-80
-20
-14
45
45
-73
-26
-5
77
70
91
4
-56
-58
95
79
33
9
-76
85
-37
-2
-25
80
-37
73
30
20
-20
54
-78
-98
-18
49
16
-80
40
15
39
-82
-10
-86
-65
30
9
61
-92
64
-18
11
-86
63
-18
-92
27
-54
-10
36
-99
66
-12
-81
-53
49
86
-21
-96
-39
100
-60
-20
22
35
-68
70
44
56
96
-33
65
-2
18
-57
47
-18
-79
-91
81
-32
15
-64
7
-49
-53
-40
71
1
24
60
-74
-93
-98
-61
-21
-72
20
30
71
-58
11
84
-15
-7
-50
60
82
54
-95
17
-61
-21
-11
11
18
0
