10
7762378
W QRXEYF D ZM  IIGIESZFUZ IRZT EOIHG PBU CAVZP
810
670
10188436
GCWHMXIMPYD QUITLZEUUOAX YDSL PMFVDGEUFA ULAGEM 
447
131
11412340
WDCDU NJK BT E XVZVWWN E
608
526
20217446
UGJMS QBYFOHUW CS KPRUOSU IGNO NZ SXFT  ONKXKT
599
444
23345559
ELY ETZHYGR
1279
1089
66807312
KGOUEMQPO  ZUEQX 
1319
1014
82791954
IESBO UIW  DFLISWM IPUGZD XNDZEGC W PDVBRDF
922
723
89081111
PJMKLK H NMISYXCQUXK H 
539
286
89737735
WGKPIBRDCOSXSJLFZNTPYSP ARD QFFBW PDHTNDG
1618
1361
92702013
QMJRYVWBTHLFJYNDRTZU NJRFMLYVDNKKH R
1752
1437
50
1 10188436 7
1 82791954 8
1 89081111 7
2 89737735
2 258597744
2 89081111
1 10188436 8
2 7762378
1 10188436 7
2 10188436
1 89737735 4
2 89081111
2 82791954
2 89737735
1 89081111 7
2 146398525
1 23345559 6
1 89737735 2
2 10188436
1 92702013 1
2 23345559
1 20217446 5
2 82791954
1 89737735 5
2 11412340
1 89081111 1
1 82791954 6
2 131539764
2 10188436
2 1822638
2 92702013
2 89081111
2 10107585
2 89081111
2 92702013
2 23345559
2 20217446
1 20217446 3
1 23345559 8
1 23345559 6
1 89081111 4
2 7762378
2 89737735
1 11412340 4
2 130504248
1 89737735 5
1 20217446 7
2 82791954
2 7762378
1 11412340 2
